-232.23967113317883
-663.5904057675601
259.91185358057976
-44.6454853865547
717.916509675351
-1121.7365449429922
206.4893756546022
238.76402491990916
-1402.358684988853
-568.3236684424777
-857.5782072403247
-559.7393429096559
-643.9889541345705
-1479.4755187713292
-459.19528679056054
-783.4897065326608
-541.116220425189
-1083.5292663940502
611.7256395557639
-1328.7806489089648
284.3929522523482
704.9578370183091
140.9966127751719
-1580.9608233057256
-1218.428142417732
-814.0824152791687
-1165.3414446488155
-1898.4090175227525
-720.6297466791715
662.808765573384
74.48330449736079
-820.5522498888007
326.8121253693422
-1440.5904581752734
-660.5800927700526
-106.72412659249096
-793.8620430368359
-1405.6076613158843
-1646.6136408483171
-478.1178129789058
-63.50365655341409
-1767.0167688621946
-443.60241821723537
-1322.6777913057326
-960.2512180461321
-1262.7572593169916
-745.4566665425931
-1596.6075809699869
58.05910277987243
-404.03171552115384
-867.6076150458097
-275.75781480175544
-303.97414948123276
-742.1416944994411
-557.4666032772685
-1051.6958533317838
-852.4722527873931
-178.88522915420265
-1078.411471511722
-1118.1069665878636
-2967.728378870305
-875.3836261361761
-1395.732351043734
-486.83796606455724
-204.0607873634366
-99.8685596832903
120.22273622439718
-699.157852578808
-400.20134252678906
-1866.8644751841857
-1772.4703892317875
-1647.9476592981023
-85.8031943461059
-610.9006802227954
300.49651919552537
-1216.6513879537706
-526.8377383221754
-241.9030847510238
-798.2043748129873
-1325.7889745587681
-232.25292977605693
-1309.2195288808648
774.8475415548616
337.4112381385236
-221.08000777343238
1658.1283249510975
732.9079255903677
-1656.5492460675075
-1745.313238035535
718.5196953576902
-1047.3965366734233
379.60408015956966
-734.5971327192218
630.4198052970893
-1395.71302428436
-1131.2551968924217
-1696.6394529569218
327.649335899299
-988.189390669349
-1718.3952889211246
-331.1633200178534
-605.7863451425768
-1123.8497187235794
396.8769903471335
-266.5594426859519
-706.018946927827
-1380.935415864859
-2253.9573004402832
-230.57426188989155
-276.9832298551695
-1104.0616545849248
-1282.5696609221964
-827.7132439096689
450.9627537855064
39.77979745286882
553.2794929550633
-718.7024107539349
-1937.9510875773813
-364.41041602023904
-396.1322958178347
-1334.6982771158778
-1836.0211299668322
-1297.941120927216
-10.32763747428578
-432.60731761152
-246.0224878735243
-205.46375167880308
-756.4105410114993
-317.1661490098421
-1553.5283433033273
80.91234074696524
192.01197515978276
-2059.087368531271
-527.7918265300208
11.061412616824441
217.24541915646307
61.65159038091417
-584.0539994090411
-349.1913087787992
-736.8535934813475
155.88506896722777
-1091.2927960595275
86.67374798809476
-1568.044292759795
1737.0092744863846
-260.2147072687752
-52.577919981601895
-1064.3700070140262
105.82014424360352
-324.00476728054866
917.0494784289116
-254.72339648026934
681.8246995140008
7.5077104917264705
-273.4949036186361
637.5184218118862
-1108.8433027981032
-1035.2381691969772
1071.299129436929
-115.13549779025641
-1021.873673307968
-332.69894406867786
266.60622275051867
-2323.7947122428095
-1582.7650547840817
227.08276348726451
-1016.5055488313714
168.10407215804264
-780.4313474533623
-614.8617759952937
-1027.094131519792
-1597.4748265825965
-337.6802841600096
78.93981403015789
-276.1661366896318
-1013.8501336404837
-967.3841964829861
313.1981258306124
-1994.7497119649338
-1508.829898512714
-213.73234260413062
-806.9085622753431
-155.93213456089404
-251.52048254245744
-945.1757784859295
-2972.712789569006
-2764.6103492170655
-844.004842836264
-180.66136190356644
-655.8442175340118
-15.319472167428444
-899.7710791132137
-1853.3883849084805
1084.8570434775252
-683.8385762115867
-926.4469865440009
-610.1624376224557
-1175.2313526281491
196.51926190964116
-778.6047196709227
-74.165413859139
-347.1544681781876
-1908.243764766244
-555.7856219887875
-728.1525724277261
-749.5486086029636
-1161.0927537302177
868.9104882178013
-722.9146932132527
-594.4744967640246
-835.9097003564196
-1539.0921547398639
-1249.1852313545378
-1088.284679942119
-399.45831976248553
1249.2342486924085
-427.1543732568132
-1221.5989404530214
1564.0929512802918
-522.6695785838598
-1799.670558787136
-862.1768511510323
-1836.5426701308797
-75.54036328475775
-29.623250124540732
-293.81074875228524
-746.5665496834605
-1119.1263543716364
-541.8792263753529
474.8231504992531
-1758.2797219793506
-275.07477210973764
-149.23943870906157
430.12606377774785
216.02611934870458
-527.9771673763483
-1505.7527699236148
-1737.0536270777761
-756.8303487575826
-2227.2220722050943
72.9808472168944
-362.15923364093953
-680.6434800287846
-1210.0656703732488
270.3474556233199
-1680.066027344969
-272.40976016279944
-1417.023924417847
-612.6692904825226
-1346.1681216789443
-173.31091656837577
-1088.521764155385
-1178.8071127095095
-1088.3917175904708
1056.3669788791722
-143.43257877587519
-735.6685345448344
-984.3445200913951
-1955.2895519198996
-151.01653440672123
-443.08863135247464
29.880790169232228
-363.92982771184313
-975.9747772164377
-95.14152163707365
-1755.7367029551442
-322.0152046966176
729.6197213717845
-1301.2901224573561
290.9596388083395
-1445.3232840395535
-1599.0261278448183
-653.2167972591145
-699.018480477694
-774.7857802166103
-1419.1950370236073
-734.5887276909292
-2306.9721877549055
-1393.9313935576215
483.3980308120623
-106.72843652526274
-991.141787705505
-220.46600526303462
179.72713963225908
-1591.151874424676
-267.6378829868071
-603.5558419173188
-436.0478171633498
339.334071323127
-76.90133889319384
-498.85212361996344
-2017.9020690843163
-1012.7515795450075
-96.04391778966817
-472.8202726473644
-945.5056408526956
-255.65249970911157
-403.65736601776996
-984.6787424588523
1008.9187421622233
311.5321760801586
-200.710827503421
-699.2834318192324
-1616.8821473935623
-1855.2328267549287
-1727.2830025390067
-300.18540509309094
-730.19331532793
-1585.9010300354716
359.0484839231875
-790.7034587461474
-277.3810730982408
389.8928756864958
-215.18797376586406
-1376.8466358086057
-1301.105244356068
-1059.3286034228004
290.65523134119906
-588.7321926655522
-425.66464402706686
-91.4592535522196
-159.25307765298783
82.67658410219303
-1210.2331703895338
-651.3128846623471
-1441.0368849780307
-2001.6556282239349
-194.54235400186042
-630.5810993893227
-1677.8799614024242
-538.3583283664678
80.94641081244538
-544.8868497743255
-473.99625353001863
-1679.7767347877366
-1125.27065700317
119.48779181264729
481.1885545123415
-597.9372667121423
-944.057206363212
-167.06274062346836
-1054.8276585646245
197.51054956370592
-1865.133681845306
-1169.126238520696
-2144.3149587662065
-2411.854314928874
-1439.8751688107116
-2231.7706269988544
-535.349936350921
-850.4091826315101
-637.7800069992339
-118.99658170658529
72.11713221536922
1275.838990921406
-1097.3471363159533
-920.1586057520657
-1181.995216971768
-1809.574834408214
149.13619302530162
1003.6665402775585
-782.051522206182
-852.9812441434864
-297.6360443143918
-274.42446362768817
-469.9454818379352
-1558.0015875150589
-392.65269636567416
270.03660881630526
-2453.19729693402
-60.05675278197157
-1417.9782935856042
-432.93610647489766
972.4744875738576
-927.994390119836
-626.254696894009
-406.2379841237688
-1726.3221008853175
-766.3404068146453
-1347.7485577483417
-1183.0631976926657
-1775.9687944732327
-383.9787808756886
-1290.0945169803003
-4.992215976405191
-959.7659520569654
72.22465695288668
-2041.9203261964017
358.9171021673752
-1108.412800684086
-234.40457136701013
-1198.9489550398534
-938.7134834158445
-784.801185669536
-92.95222230357774
-596.3454269273969
-631.0931433632571
-1060.0592061605043
-1082.8116646029407
-608.0562736371743
-1240.7271555674383
-786.5259488813984
-1100.2371052581288
-618.8986114828107
-659.2318039300684
-928.755219968038
-1118.0957508143379
-1921.3554415066906
-1541.1259776732222
-1128.557883639583
-356.31590430068024
-745.0821004905432
-415.13132382297124
-13.38286665807982
274.56781919227217
-1091.2760507687249
-557.0117994379979
-229.55278593727064
-1175.994086619949
-212.76277514733044
-855.4838117062903
-109.98268360562804
143.004628820741
-642.9773622260301
161.68863961948216
-553.9642687510508
47.54633715741386
-788.9349928449759
-1633.3317343254516
-221.35810298993567
-90.1238930974331
-674.8311104845883
995.0794878095172
-1122.3561466366473
-438.51171064185326
171.6494560142056
-898.0832763203365
-875.1055048560738
-533.1897130966939
-303.14443195647925
-251.2880848851829
-651.6500450276202
-1036.625207357266
-1048.6074433972385
-622.9931589400388
194.4318967183383
-1336.2350375823157
74.14765090133426
-1284.9654984635763
-986.0048616498641
-1869.8650559610392
-1035.92807921563
-1433.289298590641
246.99617817552667
-779.30936675376
-422.55596932194965
-1865.6576536925454
460.5950656061028
-859.9981315139057
9.977985770850069
-387.3303726646558
-1216.3251566479917
-1388.0412797014792
-288.0543695170719
-1227.1300375178726
2238.145094665431
164.43752143308996
-1575.6641648379223
-28.57734969221235
190.86510395925063
289.0512576658235
-132.93878810559124
152.50857593689705
365.7662043713559
297.15778579723485
208.21471238782908
-1146.442760472109
-440.68987295940985
-921.2914948188321
214.85805157023526
-1341.1447642380513
-1005.8744121253752
-1848.4414653830013
150.71803656686086
388.2086328962092
-700.1863914494792
-239.4875053678519
-531.9101312108859
-1626.437515850554
-1095.1399386445723
-1051.8730656093899
-828.5142961985251
-2097.0065471465246
-1068.7941554000695
-412.01514099646045
-928.8789868113436
-1360.6526069928532
-1814.496703053801
-1310.222124315826
467.48915760214675
-190.18088750694017
-1244.565363285325
-1401.9631166347776
-1110.8626934900226
-367.32502299401915
-1265.8921335303912
-1733.201717884193
768.9977037877758
-393.97310064762075
-982.4787858998319
-1125.770544079895
-935.7157545902659
-1554.9688064382321
-2050.1319913024968
-1445.0014292603414
-439.70417715161443
485.8909518581005
294.7861652928283
-563.5123579273155
160.13305814716443
116.04879618769598
-900.4608766699743
-1792.0471565392131
-1356.8298473569798
-194.92497582742396
-273.95610765303115
-1081.4568726576376
551.4902986811991
49.114616651657
-1119.3454013515816
-1824.242594932774
-994.7366774792359
-1231.9605669398638
570.0233921669527
-581.3218303907446
-1611.3509613589922
19.257819433626196
-1377.6543133999635
-44.832216566597936
-1228.4186587271304
-2339.0325094547393
-1915.3045127601922
-1130.9104256737826
-1511.8896019119497
-2061.4829374209203
-225.91748618460713
-660.3356226303844
-1808.4262306283895
412.5416716019723
-1530.5474011500387
-457.1350853156006
242.27808961845096
-262.29948954179633
-1753.4452030030639
-2501.860244240408
-1099.0926562174477
-2301.548648510156
-326.908500827322
-1313.6905412769652
-1758.9270469258508
122.91052513986654
83.29234805373892
-1408.2600500867939
-168.76854839774967
-755.0786778656733
-1139.9240931130587
-540.6752643065605
-775.0895251643286
199.15370783506876
-1233.5220966371035
-1106.2807451098906
-1935.7669156082798
-1315.6447283726172
475.4438144155098
-522.5990325351326
-881.0885389421591
-731.1981272538218
-449.5617462725935
712.4213023916685
-979.4988222340711
746.940294331807
376.68665712477616
-40.88330351073034
-1499.4909370039018
-833.4920200474729
-1493.3709958758564
-5.429676565548448
-1221.6224521355189
-791.7878463741764
-1986.5171316392466
-1745.4022623215774
-211.95793797685872
-1382.7082245482316
-218.49128624673756
-66.84144513403987
-1020.1600103534075
501.10465299503073
-1484.1327258848364
1028.7073882055697
134.57136048220798
-993.7550783956325
-1.7567536461373265
-1842.2555767272092
1078.2254745251953
-1353.6151058123119
-351.9251409623506
75.63131678187744
-868.6956390425152
-826.5532658629436
-799.2947234450543
-633.8711964041216
-789.7508986237048
1080.9259658691108
-1774.6419168674524
-2299.8078092305786
-181.34528889039973
-366.7867164220762
1759.4212055320372
427.77573474198346
-1717.67323352223
-1277.9023843164337
-1113.6316643514301
830.925742669379
-1439.7914625406793
-1465.900802004876
-643.8827472384804
-286.21477858103515
-683.8446414519989
-1050.9348314407264
-1515.729428394991
-656.1544749869307
-885.1099644730134
-925.1669650464104
-2078.2750002536563
-1306.505126883118
284.14082016356895
-844.6705914154303
323.7273835880882
-85.21431365334354
-348.99431838278304
-557.7802082938862
-75.5669314340197
-150.38999954134158
-425.46105101670616
-71.40768947411959
-887.3535475663194
-1709.637708375892
-506.5040837857755
660.4168785224925
1382.5462631228806
-1409.5365944720297
-1226.3214713837428
-1134.5021767023509
-1867.5763584004721
704.3731703290356
214.6578009970691
-1904.6154109006302
-943.4929010384216
-959.0897083997996
-1179.6586457493208
-1318.8418720412405
-642.1247624395704
-1380.651703334206
-472.9045370406269
320.65283283387373
26.21359005390525
-1636.195896306383
131.3387600166667
-613.9637434575983
-1290.2539943723937
517.9376132318804
-1264.7906023008532
-734.65329254192
-1144.0522507001974
-258.647423051142
809.158012463217
-1850.8259587242305
559.8116293067338
-865.242225576539
-522.6176164092388
-892.3315843111967
-426.3409018291553
1170.3802644302918
-365.96986227947616
-898.0103806191822
-1549.0822895699935
507.7625118901011
-1632.8250190432123
-359.22087306107323
-992.7675388145238
-977.5083064714667
-804.713976263079
425.14032078976527
-589.1040612156816
-1639.102014104852
-1316.1554713266792
-1682.0437978004825
-1314.789960081312
-1117.6562159005048
-548.9682537123584
351.23443504260433
351.5044717934794
1027.5799011717027
-411.2568482645005
-1150.3690271115865
-814.2068746424505
126.55252971490393
-374.8007879776377
-951.2118385108173
-1434.1357221180847
-828.3744120201849
-792.5696598878184
-881.6793837401777
-108.18954895924446
-389.19371551697566
-251.50903717552387
-292.2596679168822
-810.8520815999317
-108.55615333834737
-1860.1354704934693
62.62690105262584
-1210.074922806753
-406.8031365899659
-900.2268753992361
514.3617630761452
-528.234553089443
-1454.9441891592746
-367.5038783634649
46.2410460761954
-440.79952457078514
-1438.9560465188301
-1839.0255713851716
-1337.493996597817
-296.14689276067145
757.8588443832028
-1608.8169018469366
-1777.2454721156673
65.12933844985275
-1698.3459580926694
-1150.388835073251
-1051.3653975265402
-580.8240293946996
67.01880234057683
-482.21763330832846
-1567.7659992767744
-805.9715932346716
-1770.3981277236048
-325.19316558920843
-922.3750124320908
-143.0363126538175
-410.7561449877188
-1019.408003778501
-111.90231004882241
425.6255528855796
-1261.341878710144
-1176.1569649730777
-303.577506740727
-822.7707950954394
-507.1574917791784
-2414.3834369682713
-279.1380388405554
157.95396488794188
-155.64623631299253
-2120.809660863454
-944.7051532769464
-1022.2585004604583
569.0430478819186
-277.8150909084827
132.8156856703696
-1125.0716895767714
-1691.7061407185706
43.709213630236036
-1538.8311357943635
-378.43510431203674
-783.0824202703087
-424.6728655725823
-87.53102277403741
-1310.2277937854037
-1957.912136398891
-1710.9324641950534
944.8851792469164
190.66042074563268
-314.39337583707936
-1596.0422464227308
-350.37522913301916
-1220.2272801092072
210.62098834099254
-1389.3950526914855
-1483.666643978479
-2674.6260095264543
-654.7258185408294
-3.0336548654451008
-898.9411826957206
-180.77651624094813
-695.5000850236005
-1108.584974937036
302.6732534885317
-1554.7113225545322
200.7115712219703
-735.7507013753824
-605.1842404161256
367.6241380949565
-1484.5112407316224
-1208.823388464803
254.9433405367505
155.7440804537497
808.8242342123659
-366.25185678372134
-849.5558103657135
-1793.7225443914908
-1557.6814357528965
-1273.681060746168
727.2321645369517
-784.5110662296833
151.9140566014786
-242.77134648205572
-169.95372554184257
-647.6654803150817
-577.570299258908
-1320.0947382689649
-570.2129440498027
-107.30649567148669
-551.2780480331761
154.2435860807201
-1217.9309227417152
-443.66185104354406
-731.8377698410558
-83.75536307258369
-236.39534837926146
-1282.1948013222668
1323.3277782990558
-686.2766325823062
587.7477912190715
-1059.8087387767005
-1968.3835497351124
-278.9740418974392
-1743.065239568375
-24.195347270844536
48.263438202599104
-39.352005180621404
-1433.4292355413063
-1312.9701343362626
-143.57016224831148
561.6864462757436
-1819.9466712974013
-1050.4117989595507
-1688.410718629019
-844.541834413077
-2158.6232266022
427.71885862356305
-2278.9725778247744
-1186.7450990302227
-499.6305711179306
-1122.2652916623924
-1254.1862517780942
291.95831689224053
-2005.0964452697012
-1015.9237046966242
138.90244323912304
-442.5580401341484
-858.183403034633
-1212.4515078749164
-149.0550734614677
-476.8346619151944
-812.2281278788593
-1232.9089840049896
-587.9375545280458
398.7897187139539
-1942.0533417352694
-1036.4895384696906
-120.75161021873589
-487.8221013761316
-473.9793486241557
-124.20988254122756
-772.7986031102699
-152.47338018334756
-1513.7808016398685
-103.55014535163752
-948.4857943645651
-363.3007859292778
617.8921030991238
105.63273676033134
-1212.508975160651
-129.00215734894903
-2659.7158896051073
-892.6727127042699
-370.96798701726254
-491.49942772774
-1253.1552174211429
-19.001667301016255
-1943.6970856524113
-1616.2225862925643
-2473.2272583843123
-1878.5887112726668
-1887.067879585436
-1824.781004789886
-1796.566425306159
-1364.8502768231788
-1292.1499369590479
331.2464922032194
64.33942618195726
-2359.089754549624
-616.6440119601799
-832.013829624205
-20.994782357756208
1282.9581293236947
225.76832069996874
149.8095481325787
-312.60035567789816
-533.609763616639
592.3205734047907
-224.29673407852022
68.50718255798768
-1761.5082798642748
-1532.7774808261825
580.5046272632386
889.9985021904769
-359.23084351297723
-711.4592851502974
-329.11389259903535
-1837.336178401048
394.5729927088738
782.1094314910284
25.119290727529915
-938.8703946341977
419.3026865152002
-830.6678303765342
-429.27597314167986
-375.63190032132013
-747.3003043233588
-925.6440689186387
-1017.5281594921377
-1765.1715922440098
-574.444973455917
338.82699511951444
-1361.9272101592755
-2035.8636654453817
307.9845868780027
-545.5915098656172
-2464.0347139003547
-1182.6165490069193
59.32155756486884
-1153.947157845956
-1433.480329980221
-1137.568151462544
348.4194147830609
196.3907759998027
952.5313663093372
170.49470512019855
-1300.070000807028
174.46371147512093
-972.9502084713334
-406.88847555995324
-1015.6255146486945
3.1179961612034504
-0.19039420912292826
460.2917223673295
-1166.7264680390595
32.32517341726782
-2345.97489954854
897.8387946604508
-399.9789358900447
-410.63836011408364
-2165.539483666533
-997.3144914532767
-118.76001448993009
-920.9863679404876
-168.0004521010136
675.1279586686743
291.8823981931388
-53.26372813197838
-278.857332315229
-1172.8342402428034
-259.49104283102076
-210.83555853322684
-2352.521977791391
-812.4070108325967
-1172.358187470542
-613.6533702519424
356.68290497429473
-106.51601652175157
-1534.5329103387858
993.1257702998142
779.5859390363308
-834.4396629938122
-395.6644915752116
-1544.1953331559184
-1361.6421543812994
-335.9046133962896
256.69847865489817
165.93148115469432
372.6530656710853
-943.6542690576083
-1071.431851612031
-714.4122631301524
-1468.1038630644844
447.272356933967
-300.02586469995595
73.48371679371814
-564.7588972146076
-1409.4159083806207
-522.6692387202669
-1246.017261192656
-328.40222316830307
152.37136582147934
-323.3513638196217
-121.3996834535136
-2427.0268751973967
417.2710495895129
-1087.4874360772305
-1484.587228380747
-522.5424189601111
456.04091335998567
906.4005032510391
14.064534166278122
-897.2513173608626
-258.48257184603665
-1196.6536085494831
-336.3386767429455
-1445.2038704295232
-397.6217990912477
36.78688640355051
-903.6216209558582
103.44913179457546
-849.664094907272
452.6164295125533
-1298.272192986095
-1999.1711159882339
-764.6832870980237
-1487.1028687770367
-1167.9499184125934
-1027.409887631518
-498.9763323305714
302.9013907107902
161.3234431306738
184.22277384518077
86.31426104344575
598.3746533943828
-724.9644544689223
-2275.673895422086
-1515.3663365591187
-1464.259355329349
-1031.8269485815408
-1290.0084219468413
-1039.3595802275763
-2884.579839604337
160.24379062260243
-2213.1084185960144
-1334.9755992883636
1236.1290603773878
-1784.01968358075
-1188.966435832554
-7.85582724259109
-964.045757842627
-1180.4154171084397
-538.1445015499984
43.58230379763211
-1517.3218949796787
292.25347183396616
-1740.6348892519168
-834.9246528666985
-934.0839947910493
-367.4238045284293
-447.8514610599755
109.23248573642422
817.4628698980856
-407.9784106395942
205.71909976524114
-1341.7223574056043
-270.6449141861834
-1038.3473736041
-1205.7729872968353
-549.7172956199333
-1073.6185209784876
299.6467165013977
-781.6509264038654
461.06107605545424
-2303.7313948655906
-2161.2232031617846
-25.172620098622133
-361.139525786254
-667.854861779845
-2307.1256171790155
868.1253410930236
-1651.9183718295935
1351.368501607118
-158.5331847360834
-1897.706022105991
-760.6826777502264
-1614.945147673248
-1320.0107517949605
-363.26446114905934
-864.9939796651419
528.6269916254779
586.7859374864726
380.3700269961713
752.9888676626412
-804.031587891962
-1380.6798752947943
-75.31421205467166
-2364.4329353144926
-1945.0341177559362
78.46150849683511
498.5358480503679
-2036.9453037761523
-2452.896706595033
-511.82773516664304
-983.3695601905282
1334.2640169255287
-49.32757869052409
-401.9322085113153
-979.9933490536827
-9.290559473693406
-260.38845198447814
-1018.2275138625959
19.97343168694499
602.5304876249926
-371.8962204813532
-2662.3748085758466
-2834.1541336808195
-1546.4394807159606
-2577.7764806660402
-456.1541844930283
-590.1227464813127
711.5478030835417
497.0763855313195
-1666.2557204660175
-1494.217496592359
-1594.4148008252218
-150.9900260766484
-562.5624834295953
-647.6162264466325
-373.6595681011653
29.586735712254836
-1741.1348140885234
-504.4577839929217
-648.0745719722885
-682.0237524425312
-599.5780324015144
-1093.2127955024057
-2069.9122198435857
-2325.21562719032
48.65941213395001
-1163.4306614455668
-462.09980999331617
-599.9669282614578
-199.45806193674628
-566.3085078808347
-396.05152539361313
-458.5414498307915
-88.21413583615833
-724.0489733609342
-1581.7883840341265
-370.5673490246644
-1120.3581828600368
554.3224537020611
-33.05667486449488
-647.8659575227647
-627.7172380892665
-762.2476963229723
-1476.3926583865991
-1293.6283762522357
375.9668023820792
-141.45704161841684
969.0024819138858
-1012.3515172433039
-734.9748641970585
-104.07063144715119
-112.82174481861352
-121.88299086801896
697.6026327601495
-229.18068195680314
91.5539295681516
580.5760632432358
241.86170436938085
-238.59678615576075
690.3055141693604
-2282.555730964412
-211.99178431311645
-502.8313010486503
-354.4380517099329
-772.0787403370629
-1328.1352627698475
-84.2880401841386
-3085.1345509214084
-570.5257178687322
432.901355499362
-1279.7131461348713
1146.2499272936861
-2117.6770819267017
-1082.7452636589128
-911.0981084384097
-1003.7732683783091
-1954.4979680484498
1845.762812684778
-793.0335131457335
-256.4254972251844
-1657.8748136571749
-1114.1760797198099
383.11117943819875
-622.7829199481015
-1318.8684584498137
-118.79827495977167
837.8927989869923
-566.3135332613814
-934.4205403769387
441.1427602239552
49.37671898046267
-1187.8400258882216
-117.42634052086021
-339.42083999058366
-138.56904637042896
-1536.8629022377986
-553.8895109639956
582.9534867838764
-678.154547002958
-522.606132369331
28.86948398124798
-977.9208603985938
-1053.63546881409
-2733.278360883295
-1350.9130383598708
498.85462271830113
-745.2178559906641
897.5506857114655
-679.3887787883554
-1249.055416719515
-1446.1459456174218
-350.69554145778454
-1404.179135718799
-2344.2101024996114
-202.33187285787596
285.55568776475695
-1227.135920577572
-245.05474341888328
-1056.240291524628
-138.74040546697722
-305.52541255100823
134.30712412019477
-195.07149007886017
-621.0041066288871
416.6784941063198
-134.21890031388045
729.1907958277635
-107.81276097397574
-817.2896867074409
-854.6960477594524
-1222.9358867532083
-60.82180932380663
-1685.9807218816918
-1240.3112928891856
-165.50700361866018
-1132.181342515088
-1286.930829748273
-1647.7656364399131
-2497.9733226346902
-1530.6057035279832
29.88319563929838
-1141.818520877121
-1956.4274895213389
265.8253014160125
-1306.8421683036281
-942.0134422221216
434.34130896903264
-1370.6363028518858
-455.3201433980938
-1107.4048150527565
-100.37135453242297
-1634.5061664675418
-985.0699049504877
-1079.0182483474114
-1088.221684557942
-679.0546200737775
-1073.5763408226535
-305.88015629345307
412.59369222466705
-1048.5977682247972
-1119.6932998195239
-2274.4322108785414
-1299.8919117617575
-1327.8982317627015
-1864.487192111887
501.82901844569335
-2709.3207739173204
-410.2109173588532
-2076.34678179707
323.0258874710456
-476.0972367639587
95.44797055053334
-337.30977128276425
-855.1609246955658
-1909.725767551016
-2009.4920728980587
-1174.0332964180247
724.4322404095452
-192.2834905027138
-17.721477509530928
-2305.8990854603944
-195.77724079340646
-775.8820948374217
-393.08660628452014
-1116.8045449830515
-670.1258978334812
-1248.3278222342046
-1177.56026132111
176.27604575377757
-1102.9730333972266
877.6803132146684
-673.082977978377
-635.487221896099
-21.34314451310263
-1814.9026446213097
372.8910572838673
-1987.0213770713372
-491.8663392673683
-100.79925437106601
-280.1884821924299
2057.7782520623864
-193.1161660548695
-212.12097859248786
-1443.6726644120677
206.64553295222697
-1881.335666247986
-1360.7528166880966
-1267.0172922128381
-1774.230515718844
47.98288208622546
468.4989717662926
169.357296894054
-1398.211143627428
-597.2552041866196
-1396.025093018885
-810.5855056668115
-730.615228045712
-2132.186450596301
-1698.7039465907078
-215.16755313281226
-740.7941303661249
-1886.6429145582483
-512.4094859620722
-1224.7165868201446
-554.3911134111871
-1125.654411210552
-11.365577614670087
-1876.1650091723668
-935.327871120466
-760.106478749742
-85.9184913516541
-964.2535964612929
-1548.639917323239
-2086.6871860082024
-704.7995735849385
-1008.1047110354365
-987.0711234343293
-1048.8101501987062
-949.2557826995668
-1026.7304763571906
697.0702787204594
48.11672668899121
572.3300567496495
-81.64402854808543
92.98704748592502
-831.4306234698164
-1456.3070542675173
-1049.7209395720306
-425.43295968942346
-296.04156147920537
-1842.9156630331645
244.5679174513449
-337.9714751076175
584.3139269437321
-463.31238155113294
346.2122625554217
-87.20558618394568
-855.5138235548151
-249.59462612788627
-464.8146182427248
-986.5261187241061
90.92256461451518
-1473.555751207364
-977.7797758428018
-758.4342755959343
-1853.7881862724103
-1061.8004655453328
351.701398647794
-394.34705485998927
-300.56351088328427
436.706912624982
187.82783471350388
-298.2848039994018
-725.5675636847985
-524.8129217263839
-430.6952721541064
-1372.2125728674068
91.39823264664938
-1863.7672623970589
-374.247711343682
-1456.6765012392539
362.4775978104718
-1061.5604656322853
428.97299522632886
521.3540058431214
-2374.1551597918265
-717.9904254959187
-1548.684966113984
-1716.7372917970197
-367.8303701900853
448.0552839907492
-1035.1940829516975
-964.2027673742392
-213.36939452357382
-1026.0655676191031
-1292.017314874091
-797.1962798581061
-1425.1208909669067
-480.54898250095755
-609.8297295614269
-1185.9788486264083
-1740.1776350527584
-1299.4594797115656
206.5585478832951
-1931.0658763425995
-1093.7806516862997
-148.72441896103874
-2188.734723704316
-802.4190692688711
-474.2948871710472
-393.38197792818244
-398.6511780155273
-1299.445898512739
-995.9173175845107
-696.8122250016444
-1937.3186864586846
-1363.8607446657502
-1387.26940641988
-117.34696960194776
-1758.6396651200675
600.319588136697
-688.216160046555
-714.6165958320911
-194.87035680726467
-912.5835850372818
-861.2544348236837
-193.99602965549627
-1264.6881819105324
-805.3567492348665
-2590.418789757829
-1444.6318070715547
-701.0365013822524
-937.4156718710195
5.999997867095203
-56.539429799898585
-1091.207512672273
-224.90991770553944
-2.033618995180973
-1341.4399632294148
-1380.9048413097912
-1136.708990963823
600.47896310407
-1486.753851900899
-450.7175360879868
-599.5452018913774
63.462313676469535
-715.9426503556573
-909.0626629216907
-401.29554997813045
-860.1966529246323
-2708.9459818365654
-1014.7345961809174
-960.7964529995173
682.528482548693
-1644.0736677150016
-1741.2048847898432
-212.12816936354977
-1023.5877211500267
-1041.484168544906
-319.03516094989516
-706.8428464422676
-875.4177338602525
561.6296013418461
-915.7023524909004
-744.7896345507755
-2859.3120246209796
-1902.4968852943284
-411.6357973013518
519.4730978610743
-516.1777044330996
-864.6384458261103
762.0515964301172
-422.65355409330516
-881.6775309931148
-1796.4204672128903
-373.94520760445755
-1152.0263124391563
-1102.0517043211444
-260.2107343541596
-372.1608687099621
-1124.4222563549492
-781.8838711827069
-929.9619882396198
-610.9577149340869
-1552.2198387257972
148.97246554943638
-1904.5928700299883
-1632.2104035900215
-51.56049920682415
-1368.2569503790396
114.36396510034047
-783.5917705047362
-1132.3285461050395
-248.14742193572727
100.01042476187524
-669.9581224993693
-709.9699051278016
-475.39716036397874
-539.3596268566447
9.417057110686983
-1566.7252701990406
-1077.4500669788172
626.2851700597258
-939.6261750395128
-823.9163590583765
-931.1261319390252
-260.84465988810587
-792.9261099600263
-472.87758685244114
-924.0645785936808
-1270.8215616688217
-3191.8052496198784
-694.6428029186512
-1367.6279736801703
-850.0320017074613
-859.0962491227477
-631.4757019285472
-996.5854458653126
380.1396425681629
-142.08098358247696
-649.6922324448764
-1365.6828519025462
-95.83210237778064
-2286.991295676543
-1079.2949265778661
-1302.6064667502956
-1429.487068725692
-761.287785093548
457.4953451035668
-1256.5123683118702
-1290.319220514084
-340.0179928617216
262.3513554541993
-1834.0697642325458
-1137.954034956042
-545.6167775582907
-1628.00730515253
-223.84970952527885
-1671.8155068818364
-2213.6527832743623
-745.9599225537348
-1226.0205963447838
80.49244286412056
-750.5230671923949
-2440.4334735526722
-1293.4366129704154
-1026.273547586657
-1216.5718620323955
7.984196777157422
-546.7980322646088
-239.89986477985866
480.0713031286547
-471.7192071521698
139.23933133215235
193.497400927003
-720.9972967787202
-251.25871990451958
-186.91834781934665
304.186363263938
-575.6260712251158
-2117.2822169402275
-1124.2782232150762
-372.8782912136825
-658.0330439680455
-1236.7463762706689
271.1224587930443
-618.5248491887108
-1746.0169696090156
-999.2680806224142
-468.46510772635395
274.90134333538447
530.9945250522102
-1643.7257479899476
-976.990909852046
141.72626842126328
-226.73257211374982
-2090.457713469486
-2047.3401277987218
-246.82132525138002
-1095.0516033123972
657.1440936743371
-591.0822220482318
-1982.2141654053644
-1695.3207165614176
-356.06722495408667
-1487.083143189057
-11.578751621699098
-238.41344516446713
15.193255370442444
-1388.4340245211647
-250.059137212248
-1022.2028771953327
-765.9411069474821
-273.8810363341612
-919.5499826896524
-665.5952227951806
-1104.4044603164461
-1101.4544381113406
-2343.0423097823746
-1819.6580027425853
-150.05145152593684
-774.3888777174828
-1778.02762492283
-381.6033360768105
-2332.4962132181095
524.3036540113604
-1084.7120705978036
-1222.0214894405044
-607.7598206145711
-432.43196701898114
-847.8743373613119
-1105.9720292662564
51.01923333695197
1093.3647309626099
-1335.5593370586844
270.3655084479325
-396.7035379405729
-1173.2819508847133
-1456.2562030387357
-1693.9670902505618
-2033.070960491983
-1169.5887190696649
-1168.1717039754672
-687.5610796524531
-356.44353012008503
-1638.2559956851032
-431.29852088461564
702.5458421609484
-193.8435420049176
-1086.9254924299535
-561.5577863319585
-772.1988348888513
-495.51285631680673
-191.97001490742912
-803.785973665828
-1410.2579922556602
54.959806584715466
-445.1446928780482
-472.9301835686068
-1747.823497663871
-534.4833298042307
-1129.7530354760497
785.3770183955882
194.3669202806219
-206.88503669831277
-1393.0670462707244
-453.46238814744936
-211.75569916893357
-479.15097699533396
678.5575008469594
-1250.7535123806906
437.47138973908625
-370.18198912114553
485.7573337279906
-885.4233290042997
-968.6848416500746
-779.369604749605
-1509.7689965315244
-2011.4330397604422
1029.6753056467637
-2020.7786855995137
790.158028111198
925.8571456227388
-1255.5392526464884
-1737.6553042757569
-546.3881074040852
-428.22003246956444
-383.4112569916291
190.85350512294156
-308.9041863356973
-219.61144458406181
-662.8274828457673
-653.2360405443864
-2121.5087002275627
-1207.376480593351
53.766973777535554
-507.7557659690118
-618.3125877554256
-319.0520717524586
-948.6480599086225
415.07835946505986
466.4129314649696
-2159.585034890982
-514.1121629233625
-1390.9085366600775
-1169.0400067661853
-946.2807657602324
585.9997209869176
-53.896736681679954
-88.9193759352521
-1997.374634662905
-677.7680299123498
-1626.094483568565
-351.0122340712327
329.5295542027385
-828.2488704893016
-1272.866284395581
-1541.1960508164302
-135.59177973873773
5.371118112250201
-1534.8371321834807
-510.7809751168119
403.71610875156796
-491.38310277766266
-679.155267678117
-1015.9903515532609
-2074.928463298828
-661.6677432554133
-458.8430373329601
-892.852910856407
-864.6784673789624
-2120.5275368664456
-198.4058866289928
-1363.9969120724695
-785.903706592759
-883.3635730692371
-284.5163499821905
-954.8286029440626
867.5612824273918
-9.565456568505965
-1355.2085319450293
-315.04394824307053
-614.5759722439582
8.000070996835916
-696.9568691766921
-66.63507180433623
77.89761383551524
520.4824967775777
-2147.2347304262044
-2186.1332547730967
-685.4152152973351
-327.4112470764088
-1315.8259793109323
-759.6893143975694
-760.6097592832215
339.66759650279175
-774.557882899628
-842.8648050020696
208.16718869239116
751.3860978847146
-784.5934366430027
-174.68602498488815
87.3673053826243
-411.74136323399273
-2238.425743035462
-1350.5260013049524
-890.7654652846826
-439.61953929356173
-75.6747571148502
-797.8091270495855
-470.14530087466517
-1623.3854651530905
-1099.9271407294023
-28.965617199755457
-654.121814754891
-1353.3777804091733
-306.28129416813806
-822.0833141401652
-312.188628517972
169.1952026568266
-694.5756310405981
-235.11676641982774
-748.306649835417
30.18907472437388
-1390.8308752657745
-893.6254637601945
-1503.325318048086
-969.7344148448514
-566.464264441276
-1453.7580883478226
5.239144742495796
520.363801742919
-2719.3323963236567
-933.4957326464458
-55.89287021861571
-596.9258694508538
-2042.161811923901
-1920.1813492764845
131.38834653919287
-1017.1482283113116
-1005.6009693733185
-614.5284091382367
-1055.4983323604074
-875.551149490418
-99.54683978511036
1360.1668868287666
130.22116799511934
-111.43862556447436
-572.0730584551674
-1228.3982039219977
-415.2595922069934
-1096.525056305948
-1743.54401510439
-845.5560552292649
-625.5774637891569
-711.2637713607004
-1189.6083163120807
-917.953441757143
-99.29459940745835
1019.9883335559404
-474.26795389731876
-560.9198387416749
220.23350016909
-698.413769606041
-100.15916371282981
-1927.3997657667405
-293.4605321253083
-258.719079770632
-165.73992386165935
-2538.2694176556997
-1039.7246584172171
-2378.2277509376822
-1786.8344259202108
-343.80763971569945
-1138.1259988690676
-1058.1529981839217
-621.5535066873657
-813.1775039791536
-661.3083917731041
-1218.1959225978735
-329.4006950465787
-1068.3073777807704
-983.8395005518436
-1168.0525185727874
-1313.1880535315786
-634.7958235189784
-1321.8154566817607
-1300.9856332985687
47.456599648676615
-223.41782536323763
-2772.6941159178346
-1060.7988161077915
-134.5534337953835
-629.8978669034418
-1962.644855318736
-1045.2242882037208
-62.690893992928636
-1217.2782017119712
-612.6485414966254
-912.379041582721
-464.65879945019094
-647.7290821832629
-1384.1012250660742
-615.0677634937364
-1837.4526669586476
-1663.670846944885
-1409.0711286948285
-56.32516079655204
-907.328740005274
-900.7237094146325
182.2241540854062
-1683.918083673027
260.5773465581816
-1147.2537086773777
-999.7859551155929
-264.86819077235566
116.43657577917804
2113.819052340336
-399.4575918903455
-213.73009527815555
-1643.729799472565
-1407.1824683822638
-858.5001549102966
-260.1752878048227
-1260.8595465068047
-1435.5194702555464
317.42366831875336
-106.85492292563083
-1248.8220728328179
-347.6964186306071
-1246.2217085353145
-959.9164480156122
-1149.347572040931
-2185.7074238291902
-219.4448073275056
791.1330631012528
-1650.068121059016
-1124.6954399468327
-598.8243159658429
44.8807777228991
-1289.9216342045297
-1562.974741175818
-2030.0238053243907
-20.549628960055657
-1383.3129853184296
301.1055363629099
-916.021868614161
-999.6648023148981
-517.0742480192165
-146.5124910497501
-1557.1454030711047
-1828.0767155306594
-1071.3696756652294
-1765.2023421681547
-621.6503580023895
-28.369473393868134
-404.3776830725684
-111.7911222516426
33.624121416918
551.5630992691791
745.9981010742864
80.87320079613994
-541.1655786674411
-1847.395775946125
-1850.0135167950998
152.72403736238573
-1156.2071696535236
-1892.0185520995892
67.43410356740844
-2190.4616723805266
1098.7566788526688
-910.2330766130466
-1579.275434893963
-664.9598320167196
601.5576265556371
-938.5137538717953
-970.050292524394
-1064.3639044764864
-648.6859470093917
-610.9230369312003
-1286.555048391138
-1566.6629252158432
-805.8221471055034
-2647.136594541951
-329.0099053659427
-914.3529023917471
-812.2882188245284
-292.7669592544037
-337.49813413612753
128.87364835869687
-495.43660627956194
22.438510564532976
-1751.0406952769777
309.1953127850253
-476.1431037305982
-1308.5028303504064
-1931.8412388713282
-128.0666076992742
-507.47903545003953
87.14789869230219
-874.9271224638127
-1204.6445346629075
73.72650443059104
-805.7629373356243
32.17582075386201
-663.8428409887437
-827.7139920439353
716.6787390343258
-885.5929174810393
-409.1923239011668
-15.127885028165451
-874.6045502168388
-2119.9820969296393
-530.8665826506498
-761.6461615586653
-1260.7828603633493
-1204.7627492917418
-1268.3659030778504
-0.5223445780412703
-1468.5797161759506
656.2127069043889
-1642.3070446704187
-1145.9791401746456
-2039.35979334561
-2214.0895748517414
-374.33897802265653
211.95736925685117
-2835.0739659029236
-1380.0560526045451
-1419.7210949275236
-249.63921004010678
-1995.6506577541609
-166.35233320096972
738.7397903950065
-1167.5871513634006
-272.5429182772781
-973.1967443667087
-1331.3781823690715
98.56966725503833
-816.3131926571917
-1256.7807818143865
-1885.1178682429286
-965.2789743782317
