-264.3407634799112
-701.2673564903953
242.2438670387785
-70.13968223731877
706.292814432469
-1167.710952324959
186.3459409657537
222.07590392936822
-1452.320403250273
-600.6613726990606
-897.0768828026748
-597.2866523368691
-678.54698109384
-1531.591103987302
-489.6505663553519
-824.0139504543433
-574.6466556815774
-1127.549928827455
596.0364621055664
-1377.6681529444238
267.33832920874033
699.2809140077468
121.12075546957044
-1631.1688695059404
-1268.2146402786218
-852.4961584683967
-1211.2425049964668
-1958.5641766407018
-758.7202985811525
651.7398916479635
56.75415794245578
-859.4242696985559
312.9791801975168
-1487.1503705911434
-695.0760290295395
-129.10345289172426
-835.73381950817
-1454.7383552061035
-1700.1661213002728
-508.9082981776171
-86.39348810572005
-1825.645054803388
-476.285958204802
-1372.7756981094496
-1002.698098642413
-1311.2441012195006
-782.4676891514516
-1651.4875107349305
36.13168537888873
-431.7914703884943
-910.9904303152032
-304.102916341041
-333.53182493792315
-778.1035405761629
-590.8931411783144
-1096.649293905197
-893.0684856265525
-207.4944868304383
-1121.8168485698054
-1160.934981013512
-3044.4841890032467
-915.6291933696289
-1442.2660819005412
-520.3197287517721
-233.63349411474962
-123.50067830836292
101.13636085174971
-732.8562277177191
-429.28301391955006
-1926.289595948752
-1829.6881157323498
-1704.101271044191
-109.29050638227068
-643.0811410297981
284.5888336202863
-1262.0268362921072
-558.6362935703671
-266.9069553452962
-832.2313636674164
-1374.7139962442664
-257.580017574626
-1358.094371631301
765.3187817973687
322.4534054365488
-248.63470282927915
1665.531870633033
722.581299437232
-1709.3447812751515
-1799.323006011198
706.634690402557
-1085.9590388909369
361.7643165215534
-772.6090051168458
622.2983635761341
-1444.1152788715242
-1179.4397145959067
-1754.1972570078765
307.6652913875589
-1031.1156516322171
-1771.8229392106655
-362.9030921459105
-637.8327544581596
-1166.6401226199248
380.3412201038557
-290.3950214812319
-741.0550430158016
-1430.6463364476283
-2319.7804964956376
-259.40616370162365
-307.4848255269669
-1148.3266710562218
-1330.4870049692815
-867.4979573528433
433.738824442353
13.310688274066024
541.4049842242123
-758.2582986137802
-1998.5006242146212
-396.73011691732313
-425.88680934467334
-1383.8819317789528
-1894.109237376843
-1346.3673877532551
-35.229085450984485
-465.9697140867472
-271.30632662125583
-232.3230331903119
-796.722622572335
-348.3228931608521
-1606.6590715038071
58.94001253571173
172.69504772633377
-2120.1460714212935
-561.1457098197199
-9.222094697716557
197.8496257998329
41.105781136231826
-616.5173648408762
-379.70434476516084
-772.9214018382479
137.78011480202463
-1135.680704846627
63.78566018676315
-1624.5547536897654
1744.0619271942835
-292.4112776629406
-75.25631817158569
-1108.3051065108154
87.45120466805497
-353.8199425120772
909.3049832470172
-282.57940411075265
672.6335862322969
-10.236204060791579
-299.978425410514
625.8979854062152
-1155.8284746733987
-1080.2231323680369
1072.0078163444807
-142.3016931167033
-1064.6680451250602
-366.19969605444726
248.10535316291885
-2391.5409020015686
-1635.9911294951678
206.11599200018395
-1061.9235358448911
149.94672307463793
-819.078293449196
-648.4551605462348
-1071.6167321590472
-1649.1718990282181
-366.75560755649053
58.478780569729
-301.844168168245
-1056.7438517303751
-1006.9735008726368
296.2867116560076
-2058.8870168495387
-1560.9584719506001
-244.56788177970134
-846.6487001484909
-181.97492678356707
-277.07794772600005
-989.6528848155078
-3051.8338680739244
-2844.141357349916
-885.7599769765659
-207.33646732281818
-692.6874480284275
-37.24582598934717
-939.2929237030801
-1914.2142597922862
1083.3414754476555
-723.0845159117155
-966.5433932499412
-645.5095702174956
-1219.266367762263
173.67056259241713
-817.8188499186388
-99.85910578718972
-376.733906501242
-1969.093013895427
-592.59002066262
-764.5884744185639
-784.8805116965102
-1204.2015584203023
861.6134378618651
-760.6450272585644
-629.9403087521022
-877.7241210485133
-1590.6159271338727
-1299.0811041197892
-1134.5460543179677
-431.2092582459243
1250.081555512519
-455.8657765646599
-1270.2265676605068
1571.8896408475014
-557.6812523453337
-1856.1978973062576
-906.0030653336612
-1897.1459653323793
-99.89547634796077
-53.62931478405494
-320.6428741964904
-781.7382259633664
-1167.0148503826556
-575.0204931002211
460.38561264147984
-1812.6894190937908
-302.7875436810689
-178.1345369663743
418.64264638446707
196.93183250764764
-560.9015594296113
-1558.8439716748114
-1793.664130512794
-797.8963989896408
-2296.824269746675
51.99232175676775
-389.9781331459012
-713.9915288474328
-1254.5950080628475
251.01744800354004
-1736.7185292212941
-300.9272301405615
-1470.427862177258
-649.017792261641
-1395.9298695428058
-198.76418563061247
-1128.873756016195
-1226.5454316985242
-1130.952618779461
1051.1011496837702
-171.1101851485189
-772.7917202675087
-1024.5294150699972
-2013.3672270064142
-177.1055074603944
-473.095836522574
8.455961328107833
-395.5550375350583
-1016.3100141023801
-120.43476023972084
-1812.3993769761498
-352.8038731435515
719.0885192263027
-1349.6022446102031
273.47806230168794
-1496.7788554642495
-1649.3304474003342
-689.6985432336894
-735.6437305659981
-809.8977668402656
-1469.576673313768
-772.3003169686783
-2371.4798759639907
-1441.8812041241288
466.9195709015223
-132.63940620713788
-1034.5104718449218
-250.7433971046155
157.7966684420246
-1648.0749557907038
-296.74559367759025
-637.8730175110338
-468.53328967902485
324.049447993935
-100.35450667407508
-532.7089133513157
-2077.2160029061906
-1059.116155494068
-118.20934728391762
-499.2858802577409
-986.9709406382342
-281.831459531614
-437.0245605815178
-1029.185371789855
1004.045510318588
296.7266291507515
-230.6589846005188
-731.3127201799084
-1672.9918517632802
-1915.4789741099082
-1783.4838435235426
-325.9261557721254
-765.0916873945223
-1638.7694516205777
342.5992885651633
-827.4674433955022
-310.1027112870686
377.41375789237486
-239.77131855887524
-1426.803157555237
-1348.5658560589447
-1102.5576113393904
274.7010245431227
-620.8559590711336
-457.21002846359204
-113.41518010088362
-183.78861514030336
59.48443275502984
-1255.6266071266052
-683.8709672361817
-1488.9865375925474
-2063.4741608333625
-226.12830340302003
-664.2586649721545
-1733.9850755097802
-572.9679877998208
64.0890277257406
-578.8375228769471
-507.6380343066619
-1732.661504517653
-1171.4347815081176
101.34244958996555
463.06909005544867
-631.0952021149558
-987.6605606062601
-191.52584429125613
-1097.9703837809905
175.71057781992545
-1922.7741231579746
-1215.0037324184293
-2210.1035201558607
-2482.2914886463714
-1490.2329033005612
-2297.921417389105
-569.4848914064708
-888.5554658577546
-671.2389516503242
-142.13701044933146
50.88837517905063
1277.8571661679446
-1141.6728337586499
-960.4656357910769
-1224.8422549255813
-1866.9875114663448
126.6993337045626
997.3087241527107
-821.192007643167
-892.3521849030865
-327.320764822756
-300.87757401977007
-501.53693156632175
-1611.3365016474563
-422.0393135216766
254.72772615113934
-2522.7529391970793
-80.66789964202712
-1467.7874893400765
-467.29740217399944
968.0987016085146
-969.9104248305742
-664.1784132924624
-438.3750438568579
-1781.1322092364014
-804.1268886385147
-1396.2609680666317
-1226.945195191274
-1831.5836114750994
-411.4468458577046
-1334.6773964632728
-28.884732424269828
-1003.7795185177017
50.0166928641986
-2107.5213044602333
339.0775608572278
-1152.1092937955189
-263.46674739241485
-1246.7798095284993
-977.2513886485392
-820.909285569074
-116.44461135614051
-629.4142538356643
-667.6788113620021
-1103.8071792715534
-1130.9263353881813
-646.029721694377
-1286.485607393746
-825.5131528827203
-1147.0356624035892
-652.8036550362569
-692.9357240178322
-969.031235762913
-1165.2700011452728
-1980.6311618681104
-1593.1946001660199
-1170.267418326457
-385.81860876305177
-784.223313882271
-443.62978922718617
-38.14124474853929
255.36758250451226
-1134.5076618468345
-586.3276786236695
-253.5055875791811
-1222.277275721506
-242.33836933208818
-894.3549739600219
-135.26446306469575
123.62915898836422
-680.7570318073763
143.62349148089174
-589.4083581254374
22.873118623395612
-823.4183831741482
-1687.6405080131233
-247.33859890743543
-115.4878544996991
-710.9441467386293
990.4507594356703
-1166.2276797534296
-469.8051426575146
149.88864369979763
-941.3888616873717
-916.3088394866369
-566.5709816354135
-330.97589894236296
-276.561808733966
-687.4568620641655
-1079.6678108864276
-1091.647348195618
-660.6386253617518
175.43782276526304
-1384.8122201689464
53.45037903278194
-1333.1205423651152
-1025.1561071785743
-1925.146327392248
-1077.9400321257342
-1484.3995528421171
225.66320529965446
-818.975712094265
-456.81585137318484
-1922.2217736391597
449.1557085637853
-898.7479202319729
-12.688363099955723
-419.4138663569222
-1261.7749054025396
-1437.2897165803197
-318.9825653977864
-1271.0882378934268
2256.5896734870803
148.23387471658975
-1627.363301715808
-51.597635815199965
172.18549363082798
272.56493453373537
-157.56241169070768
131.3750148481074
351.03761412947165
273.69608482523313
189.74240606497847
-1195.1178788935092
-472.0229122342305
-963.3451049692919
194.99148238182602
-1388.5108537800895
-1046.7149117597753
-1908.4012026909338
131.61641208582546
371.0354779952079
-733.5078894605501
-266.83722962875777
-566.251095167049
-1680.5106177573468
-1138.4880178517883
-1093.8959777861835
-868.216404315581
-2158.8075288865075
-1110.8672114644157
-448.0217914685488
-968.9400316395705
-1407.4326919918956
-1872.063016007294
-1355.9721992564826
455.19911147351354
-219.8363340989772
-1291.7275147664575
-1451.1981703269055
-1156.7902689562045
-395.31370783306215
-1315.436392375476
-1787.5989370564255
757.8359491374288
-426.5497996542233
-1024.0190821509148
-1171.7496721875675
-978.9953003267144
-1609.357974325421
-2109.7978910110287
-1497.4183396019887
-474.04388513806646
473.0267655412456
279.67894824121254
-597.0686109971564
132.63824840751863
97.92962619094862
-937.9784625435848
-1845.3645840321894
-1406.1391190647707
-222.8740529133803
-299.235335043664
-1124.5227829705743
537.7859982456723
31.175677335322916
-1166.8335893833207
-1881.701036139864
-1034.8599330514087
-1282.0310785074241
557.8809317037187
-615.4007107736659
-1665.9856907772926
-2.062553372573575
-1425.0186593930416
-68.1442442319111
-1277.899139191155
-2408.020558419458
-1975.9226337542857
-1173.5696611090807
-1566.316021753685
-2122.2203248898563
-250.5706559855637
-695.9544638443983
-1862.8901479657231
396.97853960879115
-1584.1121147095298
-493.8121410449261
219.53479753219187
-289.15393379154807
-1811.221861648072
-2573.3210902794435
-1146.5642632690594
-2367.748518021481
-355.64538342543403
-1362.244324105706
-1813.6381057760634
101.46932982924795
62.382857003742856
-1456.8537718826688
-194.79661386252133
-794.1114929651155
-1184.9991086002283
-570.1071309302113
-814.222318190263
177.2157017612974
-1282.782588664
-1150.1888655383038
-1994.587284782723
-1363.6564133653883
459.7269093753364
-559.1177508549247
-921.0815169083419
-768.1638140170251
-480.51078377638146
703.1606521082706
-1023.506814357648
739.269074467504
358.64375532890904
-62.0352325678266
-1552.3653719102851
-872.9200690429395
-1546.1206348323587
-30.42991292603051
-1268.2619568296006
-829.097899804374
-2042.4949534096465
-1801.7603252062042
-243.35885781939646
-1432.512863817865
-247.01920984167532
-94.45314999320658
-1063.37967331379
488.1377658560409
-1536.8288405570004
1024.6369950510746
112.31816962405878
-1032.6828178872663
-24.470078221225094
-1901.7629714370794
1074.9625122384402
-1401.4994538577037
-379.9576281480852
52.35341840318347
-903.424308638472
-866.0979789484727
-840.3023620588726
-669.7856164578459
-827.1661578881065
1076.0706430604112
-1831.995928401179
-2366.2742339911615
-209.46262069587306
-399.108023467488
1771.663060038047
410.5779169852706
-1774.1158040487442
-1326.0255137536794
-1154.2928689784424
824.201034197717
-1487.1852115897304
-1515.9997603208865
-679.9148427003672
-312.5792626919804
-721.1642895816765
-1090.759605639328
-1570.4412091049837
-691.0373550389193
-928.3714496530822
-966.6647738353092
-2141.2304961181985
-1356.457944151948
266.7509709289825
-881.8401043358933
306.30789246883796
-108.04983222578062
-384.6785241573823
-590.1925950961667
-100.51917039532486
-175.93421465972074
-454.53287327782596
-99.05223492206983
-926.8243821878473
-1764.692973890869
-540.1335869813778
648.1992494085405
1383.0346449690726
-1457.7043418521864
-1270.719965734506
-1180.4070711183304
-1929.4873002031054
692.95887391418
193.68570042448482
-1964.238760449944
-981.3330969185852
-999.8324612455019
-1224.6032037102339
-1369.8137015993432
-676.2321494551659
-1428.073246870819
-502.9244550109198
306.2899282229648
6.67759040608621
-1691.5642624190843
107.30963869679931
-644.5139059098817
-1337.757639190201
505.8609261896711
-1306.6968307965724
-770.016483205585
-1187.8485614386552
-284.9934063668227
803.3844989157681
-1906.336804681471
544.2516201303645
-908.584636458995
-557.4492549976983
-929.3716907984306
-458.40648782438507
1170.036861548116
-398.5229982950393
-941.434301837088
-1598.8861071461558
491.8119729022494
-1687.1814934806805
-390.46209302596935
-1038.5671893110937
-1020.0801312998226
-842.4885499689706
408.4496732877435
-621.0359516344577
-1694.4868878764175
-1367.214588128855
-1736.2850631379083
-1361.1405011657023
-1162.0830772724123
-583.3545666898606
333.3832077480813
334.072962725729
1025.1990757290293
-441.6241850279
-1197.8449052814028
-855.7679401944476
103.15565323715259
-407.7023567329779
-993.373281303572
-1485.6937369440789
-868.2332823907725
-832.1015300807333
-921.2044944254947
-133.126242344199
-423.8364302632842
-278.978834348992
-322.48113252593316
-849.8791849202955
-132.20784840205283
-1919.389502567037
41.44819358461973
-1255.0460596834648
-437.9709224523226
-941.219535395672
502.3461909801647
-558.3796288978099
-1504.9288198686488
-403.2235997413752
24.32311914816978
-468.56308197260137
-1487.6120001211254
-1897.105873592274
-1387.819148442729
-325.91602119164304
747.3606675480844
-1658.8306079652846
-1837.136309505592
42.94305478037063
-1751.7645458349284
-1195.8235748056911
-1091.5495141884264
-615.3517521941365
42.74033906394493
-513.2494155004198
-1619.6308376420354
-842.5620447378394
-1828.7714589342313
-356.7838366418557
-960.6475514237388
-171.4605188122407
-446.58452976780586
-1060.636874056814
-134.15884486114578
410.05092409937083
-1310.9705719278518
-1225.5142769162192
-331.8456615372495
-863.1463288331286
-538.0699343359902
-2480.6546548496526
-306.30096717346646
138.63717231263922
-182.8435850074195
-2185.4834258980463
-989.1842670756675
-1065.949930640593
556.8572533003719
-306.92940816148007
108.538376007544
-1167.9024917198171
-1745.1894392057336
21.167371088213372
-1591.227507499823
-406.4616878682307
-819.3878716867623
-454.2278771922081
-113.89665407891061
-1357.4684387715592
-2018.2383026177538
-1767.8259938756369
939.4412244453536
171.11774104694337
-341.7546315776033
-1648.9751294108335
-381.1061744270671
-1263.8340541907246
189.76909874776152
-1437.7059006736317
-1533.4464119795182
-2748.0471720872893
-690.300179763866
-28.70259497338759
-937.627370470839
-209.71287737528633
-730.1294040558084
-1154.6797190060495
285.38189310506164
-1608.1308448214002
179.6194758552963
-771.6963438701366
-643.6985903061184
347.18023372450557
-1537.4969026065837
-1253.934596030843
238.36725380625307
137.8052043629957
799.6182938442262
-398.8024986031212
-885.7475374227595
-1849.2471333163137
-1609.8471432830308
-1318.3392249361239
719.1458627095064
-821.9675902888105
131.3024958602589
-272.7012376345881
-195.87419007427548
-688.5979511853327
-610.7569660429842
-1368.6596337382578
-605.0876378779888
-131.99676080006589
-583.3387281450266
135.107107223934
-1263.6743754235392
-475.7850307877343
-769.0736568891282
-108.79758912926786
-262.36266890017555
-1330.1217556879803
1326.2113084836521
-722.9274849376877
575.8673826207648
-1103.0578294131287
-2027.9902099998667
-307.7308435947832
-1797.2522519652468
-49.440928613981896
23.843792131179953
-62.986073718246416
-1483.9495038616992
-1361.7501601066385
-170.35314251800787
546.2865888856052
-1878.7432493988413
-1090.698149888781
-1745.2927540290318
-880.6074673090936
-2224.6842448115713
410.77171349389755
-2346.009705927412
-1232.866109051174
-532.858298292
-1163.6644908019014
-1302.3773068202433
273.07847867726036
-2064.5297497097654
-1059.3559535947975
119.40936638067365
-474.508964420342
-896.6200114036835
-1254.940356725335
-176.09887466064606
-509.53266976666623
-849.7431054158153
-1277.4878262290656
-625.7269029414995
380.79742060461695
-1998.6552831827955
-1080.3992102456157
-143.79836989954742
-517.7410299643982
-507.2512885176659
-147.895765876008
-814.2224605187873
-176.34990999177512
-1564.5664485492175
-127.9745150573342
-991.087534390363
-390.08370167090266
605.0582054114632
81.93707329878202
-1257.1893852605258
-155.14431074878803
-2732.748872295686
-932.8372031764382
-402.0152907279605
-523.5903194942487
-1301.0090474259266
-44.00220454387704
-2006.0691458460467
-1670.2053157503099
-2546.012533699267
-1936.0468495518774
-1943.29902400288
-1885.9344838467257
-1850.4249701795304
-1412.2332194146745
-1344.9263218691756
313.69135652653154
42.5724021879189
-2432.5006149723185
-651.1752926474453
-870.9271335682769
-44.43201254085102
1284.9720988643805
208.05787500117026
130.73341904010636
-342.29141240725016
-568.7322667406222
579.9213287333853
-249.85951711935445
44.303587930209005
-1815.8078555291283
-1584.81805136634
567.7455522020766
885.9089398154654
-391.8032640337535
-747.2402768250479
-356.1984077359669
-1894.5712011758121
378.3650961786873
775.7854875945034
2.350752138152302
-979.6791542202179
402.169516735976
-871.3593596481098
-460.00403340699813
-406.33559174146353
-785.5351216692995
-969.6187992288303
-1059.0688022504933
-1822.9213852046778
-607.7576451225138
320.3011353764168
-1414.307181533977
-2099.2425489931547
290.1708721155285
-580.7921275931146
-2536.280582941218
-1229.4626259550184
35.02912513083197
-1198.2001822130526
-1485.3364913942876
-1182.3568035671015
332.2195005698961
176.8571618289883
949.4602406823517
148.32938960578508
-1348.4323779086335
153.12411677499517
-1015.4895058771713
-439.5545407044435
-1057.255003377781
-19.95180065214231
-21.38126091544018
443.96805703563064
-1213.1946626281172
7.801662485177303
-2413.0852893349283
891.6704103197776
-430.23934113044356
-440.4741640691111
-2235.013751360936
-1039.6486627826769
-145.1101892933525
-959.4795841022855
-194.6719671251492
665.4210218772089
274.47305661687665
-77.17444035272842
-309.6954511245792
-1220.8950951884044
-289.26902176171075
-239.16589865606852
-2417.9801526106908
-851.6093138701071
-1216.540191239276
-648.2912534964391
342.133574468892
-131.96042245711305
-1586.188224935388
987.7116620248896
770.7657263892117
-873.1105173853618
-426.7920564527103
-1593.5999222652051
-1413.0778789936091
-367.69462046961576
237.68819963926853
145.00102113465869
357.03068868906644
-985.0831705239477
-1117.3329278736526
-750.5067029748245
-1517.31672750226
434.9678180042074
-328.4345500323679
52.40883358560609
-597.6654363626715
-1457.4452308098737
-554.2469002650803
-1293.0906221794128
-356.220194900759
129.88383595317862
-352.0844683021851
-145.07413511849086
-2497.275020181747
400.11400019872417
-1132.2837102191718
-1534.8175244749152
-558.5974004152392
441.18595482034016
897.4565878163796
-10.421567238689704
-936.2189276772231
-288.3295750657742
-1242.0937566757
-364.11896275426307
-1499.0325406647946
-435.48392374183527
14.180960961967003
-945.5825405799476
82.23838043224464
-889.4290083960839
438.58839559575813
-1346.0142666586069
-2058.2627486249376
-806.5416781431693
-1538.1133472235272
-1212.5934083215955
-1070.1667504348998
-533.8751496977679
285.5920183841115
143.91305304163302
165.65919249585681
63.4895400816406
585.4469839449814
-763.413540253137
-2339.1921539847426
-1572.327479932066
-1512.7396612913071
-1077.78408765884
-1341.2193777787868
-1084.2697730569087
-2963.302302779979
139.857914328554
-2277.0464849097516
-1386.2446333617327
1239.892904318335
-1840.6447745566463
-1232.4875365880077
-30.447524450177525
-1005.5057341405152
-1232.5119168470171
-573.8327994042234
21.757252549066152
-1570.395865825183
274.3267481052169
-1798.1562494602051
-874.2408039991989
-977.2697171800035
-401.1686803481592
-481.40186906819093
85.11786320359238
813.4306201144138
-437.9510194411068
187.68399787325893
-1391.2610385891578
-301.8550105180036
-1082.6907709471159
-1249.8336027477915
-585.9973927678501
-1116.1725234526582
281.9683953739566
-821.5084725416007
448.17320269474635
-2367.4758611085663
-2226.231365073978
-48.79858705785887
-392.8253447197726
-702.6351375764741
-2370.474971308653
862.3116756962693
-1705.9628937367308
1353.508697093331
-183.12322683503294
-1953.3173386593714
-801.3377008322757
-1667.9499345505023
-1369.2395946596478
-393.19382793773593
-902.5490610445902
517.2644918117428
573.7781216094102
363.4462486776854
747.7475850214762
-843.6600821844224
-1430.382731132412
-101.3448124589911
-2432.5471683296946
-2007.7461795084491
55.95825463883216
483.9585947707594
-2100.5018725409045
-2521.316396750103
-544.6819251754127
-1026.8230414748575
1335.3573750640164
-72.70546518080323
-432.0571847306672
-1024.7813703323952
-29.506450304864984
-288.067940966366
-1063.6832031092488
-6.046426551976538
591.8174949810546
-403.3755497077432
-2732.255124879054
-2911.9426719461007
-1600.2789497950205
-2650.2627953114015
-486.7808460718095
-624.4337372117845
698.7397390092704
482.3426535113683
-1726.6426197156259
-1547.147108354854
-1648.3330811057565
-175.0225945620839
-597.2759208889199
-683.2199697159031
-409.1837225706179
4.334703912135183
-1798.193867234728
-538.2504939925429
-684.880627219289
-722.2557301482166
-634.2032190103507
-1138.5683905592266
-2135.6321943912617
-2393.114180723015
26.713232013540846
-1210.2886693391272
-496.99602244693665
-634.3517224623208
-227.56164295540646
-600.875613724471
-427.36838459884507
-492.42819138780874
-114.49504183090028
-757.7420265537855
-1635.6041529428041
-399.2520097867839
-1163.8395130677623
540.5910364407175
-56.444618258254195
-682.9454742328201
-662.7926843004277
-799.4837306373881
-1525.4826928284663
-1340.4008649870418
357.8512201316746
-166.12068036041933
965.8198028090831
-1057.0241829253157
-772.9448337682913
-130.1118154692483
-139.25262105331433
-145.15675772008944
687.0868213216745
-255.20903064005392
70.0799384359118
570.6149542986059
218.78853357353205
-264.64254085673366
679.1653065083949
-2350.3728266969083
-241.04995759878125
-537.7127578376346
-386.77847430751694
-807.0597132387363
-1378.3370815758028
-108.43844186383944
-3161.343369202048
-605.8684824615045
415.67926349293043
-1327.260332112053
1147.6640414473316
-2178.0727214253516
-1124.2899780406456
-954.4596609908174
-1044.2160618901903
-2014.8307775040264
1857.3976323867303
-831.3470843988814
-281.78845242918266
-1713.3153915759492
-1157.141822739182
367.95712325340924
-658.9262547913174
-1365.6160844003605
-147.02204956542823
825.8513373309772
-602.305721857392
-973.5806861457638
425.3382200082626
31.496099865703172
-1236.365197980277
-145.79236533372364
-370.5479615265674
-169.38541645618238
-1588.4457280951233
-592.2741806974716
570.497070006855
-715.0857449119391
-556.1880478784531
3.867680457263077
-1018.6208217116007
-1095.5231190986344
-2809.0642256625397
-1399.0358270570657
485.2238840453904
-783.479607550941
893.6205979519289
-716.1196766803821
-1295.8518704755381
-1497.168287934128
-378.22149815521993
-1453.4606775491761
-2412.0468072146987
-230.9709108546192
268.78518544706253
-1274.4113323014442
-268.1452938727441
-1096.5397789927881
-163.153346293622
-335.7912731662468
113.09725715831905
-220.82343213449508
-657.6750866397085
400.022324339501
-158.20626144446373
720.2950126433689
-132.47302629244655
-855.9677830706553
-893.1717076468142
-1270.2503028351198
-87.67507384372584
-1738.4107372922333
-1284.7043462924019
-190.46630016606332
-1180.3270931309287
-1333.1483663025645
-1701.4847433743435
-2571.150893496346
-1581.5726418347729
6.097771698061706
-1182.9895362883433
-2016.2987291215238
245.34842511591478
-1352.3863591468687
-981.3207259438082
413.8559693652535
-1420.4836422188403
-491.031402808738
-1149.3851318980066
-130.59379868998417
-1689.309259140158
-1029.4954178220194
-1122.8785742349007
-1132.1080823862428
-716.2900824240094
-1117.803461438182
-335.20036027121546
398.0588769919666
-1093.549391758144
-1160.2379743855379
-2338.78775817773
-1347.2511202981138
-1375.8267777423553
-1925.369255492653
488.7194666672424
-2783.4420602280197
-440.8887568301941
-2136.1653235602116
306.5457076633422
-509.66432553019854
72.96529279362517
-368.729593414271
-898.1960001016294
-1966.9997837486278
-2072.480172067533
-1217.8843659988204
715.6648760066585
-221.19867116770797
-40.30536107919306
-2372.190317133697
-221.45506368715917
-812.0578416937185
-425.93322700548174
-1164.5729989782542
-710.378613534737
-1293.0893391623617
-1221.0702573803044
158.8127155428067
-1146.819213671634
873.8069651360875
-708.2979589440827
-669.0452557515389
-45.642420592749886
-1871.747472443896
356.88657054229725
-2049.9020010989443
-523.9520296553176
-128.16769464155846
-313.16802044765495
2077.8846162607424
-219.20014119874008
-235.35353383335382
-1496.2520590152253
186.47434741530856
-1939.1512001829112
-1408.2490965347797
-1316.0158166659464
-1831.3035735183103
25.053117362888997
450.96997007024834
146.72346845735433
-1447.852918481716
-632.6722169805173
-1444.6614178071065
-848.9341576705707
-768.6047198954859
-2192.9610681445574
-1753.595530644189
-241.16848159337837
-780.2444636243524
-1947.1958364286927
-544.671223339086
-1273.499705145008
-588.5891049830559
-1171.5025902478749
-32.85205559453948
-1935.5172740591836
-973.1514146771901
-799.0175623116945
-106.2102516682869
-1007.737184475465
-1600.881785364313
-2148.0566543289415
-742.8263866205214
-1051.9788896856624
-1031.688026495856
-1092.5902578100847
-989.7314857318311
-1066.1836206406836
687.8968813958154
27.21042644151953
562.0180269494288
-106.88235387556392
71.50902907397199
-867.3064421129536
-1510.009207031493
-1093.208824140849
-456.49323326667104
-325.60851996422366
-1900.7908643749033
222.67572123071318
-368.8550947122528
569.5079999723077
-495.6285651178214
329.5517656879647
-113.81383464375335
-893.2218964256251
-279.3269119846261
-498.0793698775467
-1024.2801710114775
72.6990301558003
-1522.3589797847621
-1023.2792300456229
-793.1840944752332
-1910.7277943935148
-1106.5374816698911
334.73892240397026
-424.46455609154395
-327.3140843043823
423.79625694692095
168.1153612812775
-330.7246398973273
-763.2376140865606
-558.3487302263864
-462.69018045828466
-1423.744077658638
68.09062957328115
-1923.391056529809
-405.59022461270433
-1508.1090132559473
345.0299700478056
-1107.3359816705222
412.81135682996796
507.58729187747963
-2443.212871465271
-753.8248875000188
-1604.00545782841
-1771.8060731398016
-396.6563473651356
432.66858508126666
-1079.2077078474483
-1007.5711987781833
-241.68099864571684
-1067.8240411508157
-1338.6228888657408
-835.9867279819516
-1473.423715251253
-513.5628033652827
-644.7047881772776
-1233.2656938023536
-1793.3671434639198
-1348.8004490038327
186.7922375421815
-1988.3835999842747
-1140.6223406751503
-175.17705761050672
-2255.7680936792444
-842.2598416404005
-506.17156716729323
-427.45969930226215
-429.7753126789946
-1343.678684073034
-1038.423528383394
-731.4571828351125
-2000.0717499440595
-1411.088788288652
-1437.8654024406594
-143.33361446453796
-1815.813231231701
590.8565405300026
-725.2633287257397
-753.3127812463551
-223.88910574717454
-949.6939104210949
-902.0198518662417
-221.82641200408148
-1314.8337353807017
-847.0011291090611
-2663.1154901663504
-1489.7424956557668
-738.2730633491171
-977.5936707150202
-17.382753134079394
-83.42893341785452
-1135.3806132914854
-254.84936899565287
-27.110889894927254
-1385.9623241688112
-1429.5030407478132
-1181.3482165839503
591.9389649775514
-1536.0672916675355
-485.91461548894927
-634.161355017857
39.345878279513045
-751.2422393165714
-949.9305198142611
-433.1013914703515
-898.5181023615767
-2784.595253655847
-1061.0825747035137
-1001.3459715479871
670.8649989744265
-1697.5030169785841
-1800.0302319102934
-239.09047117439877
-1066.6177338630637
-1082.6841493320069
-348.5865203872811
-741.8637854953854
-914.1347093014886
548.7232752664322
-957.8091674532318
-781.7415219197535
-2937.8008732846083
-1963.6817890708942
-442.3326267101313
502.8807539712923
-553.6055607539272
-904.4370883478148
750.9188793253854
-457.39388827650123
-921.9006717075224
-1852.2561800700735
-404.20776573406533
-1196.0643342730334
-1143.8329203477094
-290.20959074187226
-403.9864490904074
-1167.933889098624
-817.3942428374428
-971.3532518512699
-645.9289727851761
-1603.2446568614819
130.97474744700253
-1961.9952370866984
-1689.5668994052792
-72.93494012838596
-1415.4356656388825
93.12322379081274
-822.6107781700691
-1175.5769039049417
-273.80542422024314
74.85192060787563
-706.5034612647175
-744.1973119246165
-507.483937753929
-571.2883817628226
-11.09398324284723
-1621.8628363750527
-1121.1028090966747
613.4920521003799
-982.9629847858203
-858.0053837439384
-973.9165507969198
-288.83129260059263
-835.0897947551382
-506.69692142098734
-964.1289154905596
-1319.1253278613965
-3275.8594934679895
-727.7982571570649
-1414.6593313735227
-889.1487568782547
-899.5946542886984
-667.7424441295832
-1034.818233416394
364.9107969368272
-166.25714470565413
-688.2654942045262
-1413.550411080743
-121.41415487183463
-2354.4331633303127
-1124.9449139323283
-1356.0065831729296
-1476.574113800121
-796.4955995777905
438.01584926206465
-1303.953060744573
-1338.589518353344
-369.2641632037123
245.46451782154168
-1893.5728015104066
-1183.1306528446992
-577.7716535243214
-1684.583117325002
-251.90945012919747
-1729.930298477531
-2279.657524510162
-784.9127489336436
-1272.598528152718
60.47080293962915
-787.1766933361412
-2509.546097012567
-1337.9961964882675
-1071.0128191402225
-1265.185799257285
-14.71749808429945
-580.5361101373728
-270.03386708609867
464.79678552601786
-501.6572579990004
121.12332521461235
173.33060077984192
-758.9620817294051
-276.431121150408
-214.57733039152822
286.09735317283935
-607.9440988130063
-2178.8923882176523
-1169.4463548985393
-401.3366179124739
-694.8106222603544
-1281.7847821148314
248.52217343176585
-651.8760649808098
-1802.6219732673987
-1043.815577540144
-499.078034193597
252.50001682663446
517.7986018119238
-1699.5471734177056
-1016.2582711241437
121.13320285384009
-257.4875926642894
-2155.2323614059596
-2109.90832149169
-275.0486658140669
-1136.6524616150289
642.5968171735642
-622.0586590597211
-2041.4062099782666
-1752.0835314531496
-384.8003516486613
-1540.7157077737754
-33.589103161133835
-263.62617385644603
-11.669426962346506
-1437.3220373681813
-276.56154024386547
-1065.088274934457
-803.10291260808
-301.18232148162747
-961.5358061979384
-697.8807303388928
-1150.6257657540752
-1149.0743859165243
-2407.9710328284355
-1877.2663341675755
-175.00837750422738
-814.6520887431641
-1836.2173864821632
-413.5458324430522
-2396.759390322459
511.63212587765815
-1129.192409040135
-1269.325806184088
-642.6347370317615
-465.79456494386886
-886.8511794731928
-1146.5541471219865
25.282106947750663
1090.4913215121605
-1387.436483643634
249.42476599829
-429.24838881446954
-1219.4380193010315
-1510.6933900021556
-1746.8816070060582
-2095.8901523882178
-1216.2399623215922
-1210.8371469211095
-725.2733259849663
-388.4840130580103
-1694.3605907178826
-459.9493157653394
690.724869085597
-224.92536905803513
-1128.3359512675586
-594.57553414977
-811.5096490040559
-527.9883629440535
-218.2128486688032
-844.8798015413909
-1456.3587310731325
35.59073360635398
-476.23440661350173
-506.4479366852663
-1804.804904368152
-566.3860292495317
-1171.3724611336472
777.19010329158
174.64685766325738
-233.9719715569015
-1441.8525453134896
-486.57055559806736
-239.113499583362
-511.2983686761088
670.4496033859702
-1299.6331795177573
421.04782917515854
-398.4639651138501
473.58705082552865
-928.0037486291383
-1010.3134288844155
-820.2948302871685
-1562.7531075700938
-2075.585736411541
1028.2214197614205
-2086.0931565980545
779.4456610061463
915.8791480760831
-1303.8059099683774
-1792.383530704373
-578.710850713788
-461.68746298685596
-414.3877410344983
169.89406813048083
-338.39376325829835
-245.00056367910042
-701.7554488017629
-687.3855455872151
-2180.721231219847
-1250.9004486542942
28.305027732487588
-537.6512564721722
-651.4700192255489
-349.81377736162153
-989.6863747413415
400.7782187651153
450.0098582041753
-2227.6219237232444
-545.7742475120046
-1437.491554077107
-1212.9342396671016
-988.0469647792308
578.2832370013523
-78.68797772423545
-115.55998725405402
-2059.3036107081543
-715.7006929459146
-1680.1114533030993
-382.57912237995083
314.5691345153948
-867.9578419423221
-1320.4594084248574
-1590.2836669655019
-159.55778768719188
-13.15704815145159
-1583.6308170320342
-542.7510963875438
389.953376508631
-525.3856589978211
-715.9689920573089
-1059.757244318709
-2140.53090141317
-696.0533473914763
-490.3644899939593
-933.836732139069
-903.6958604589383
-2182.4148082467364
-225.62976737747135
-1413.1835300349283
-826.9330082648773
-924.5522866299104
-317.30036915323194
-997.6038644910946
858.4365441246048
-32.30795793849779
-1403.5013992190495
-342.73135543192325
-647.9885599415334
-12.934801994451618
-730.9072503416262
-91.68155862831532
55.68499879246542
505.65938482962633
-2208.745690275424
-2250.637481085243
-721.2185705300851
-356.2394510322881
-1363.0021151500264
-796.8519426898818
-799.2589563746876
316.0437499995908
-808.5553345840888
-881.2707142432316
188.98025026755545
746.0023581735957
-823.1280591123366
-202.46006195602035
64.82895264282502
-445.1519042230875
-2303.337014294184
-1400.1250428815981
-928.7059767796688
-474.5527420246608
-102.94928923555722
-836.5439901379584
-501.794239770981
-1675.1541919533572
-1143.8550259656365
-53.06250588925809
-690.5532654950719
-1402.387635975508
-336.5716742188258
-862.6148351279852
-342.28703830488917
150.24273745973665
-732.118419088609
-262.4407711681531
-787.1470831757707
9.101485293820133
-1438.6982719258992
-935.5695737769181
-1556.5418023868235
-1010.4822109098875
-605.1212929338919
-1500.4826606449385
-18.753011624454075
504.40409198625616
-2792.3108192594464
-975.6593134398806
-81.50539197691455
-628.1331946530624
-2104.767345837773
-1979.8448049505084
111.98699904547925
-1061.4487215698798
-1049.4600755327024
-652.7019975555806
-1097.2911113956752
-916.342991603108
-122.82049103415682
1360.1080651307686
107.72223218530075
-137.1615929349466
-606.1056893098691
-1273.0765543222258
-446.149946916826
-1139.9960878206991
-1799.185512835744
-880.1464130149441
-662.3687096400554
-751.2813459113784
-1234.2940859739308
-957.2581041791016
-122.45055393664165
1014.7237728865732
-506.8536508030654
-594.5607234691895
202.60313698227924
-733.1584742659659
-123.6516219783914
-1989.029950916947
-322.1053839968117
-285.7318893146737
-190.61301594316205
-2607.8561467776876
-1083.3003558924922
-2449.808072741518
-1846.7093729993542
-374.39284780453374
-1184.2134505395813
-1100.0860776182994
-656.3727874780009
-851.7943919466568
-695.0780536265454
-1266.5767905896907
-356.6662630076102
-1112.1345901445757
-1027.9113470532118
-1213.7139500251049
-1361.203636271032
-672.697700793208
-1370.1750819953756
-1349.621289644169
25.075323083159674
-247.8338667701338
-2845.680537770403
-1104.0380262348378
-160.2448867854671
-667.7572665779726
-2018.7381045449836
-1086.4572779611842
-88.69132505906919
-1263.2067637539633
-646.2644289027669
-954.077183281235
-497.9585471983462
-685.1213113634974
-1431.9395463238754
-646.8114268316733
-1893.7451045783725
-1716.4333754615452
-1460.7391773240731
-82.16277857614182
-945.6425330228786
-938.8106622426033
163.11419190022184
-1738.869797101544
243.53064048903457
-1191.5255544703584
-1042.1549931873071
-294.0862912439741
97.02510071872553
2130.953144486609
-431.84122364364634
-241.6309512727214
-1699.0415211305328
-1456.9640328463654
-899.8623272109287
-287.26941718370495
-1307.0013823304373
-1488.177684216501
298.36621419545395
-131.20197140487448
-1297.870053226546
-374.81012853123116
-1298.8523217192112
-1001.1581474647803
-1195.7320391802166
-2250.7197311456875
-248.86846185024456
783.0274182174055
-1703.6957809782655
-1169.2099903924168
-633.0211228249251
19.698736204311217
-1336.3553381105846
-1616.333984206966
-2092.429230498724
-44.395049660592804
-1434.7209252378625
285.88865426975167
-958.30714390555
-1043.078342922666
-550.474626336714
-172.08383591808843
-1609.1915757696345
-1883.368311142972
-1115.5200072066873
-1824.8544381781373
-654.2192107418812
-53.601602407352175
-437.41906020631814
-137.3254556755926
8.551400162595883
538.7861169015343
741.0389726530068
58.54281148159885
-576.2065417438066
-1908.180180373908
-1908.1807464813044
130.23636592853813
-1203.4518106194541
-1950.8101399368854
46.389285152097045
-2258.7339181205625
1092.7358057287859
-953.1217854887025
-1630.8339933174536
-704.8690033754176
590.1908181178753
-979.3475525879387
-1012.7339174702963
-1107.7978513264381
-685.3594964464735
-644.1088609699048
-1334.0837542406614
-1620.9744325101844
-844.9340509527663
-2722.267965622146
-359.37820557848386
-955.8390164361674
-850.2754014492677
-320.9578555015986
-368.5310460623807
108.05688159004342
-531.4558283016283
-2.054204739901934
-1808.3705777953962
294.8134693729037
-507.48199096346366
-1353.9337655136112
-1993.939241772972
-153.89029586240417
-540.8305968573087
67.15954419796913
-914.2948740147356
-1249.8587926405469
50.98088054886853
-846.5964529767166
6.429690215056553
-701.0021286077388
-868.0684314185999
703.2491117314187
-922.195266428125
-437.9729018763595
-39.96577430758475
-915.1821321149316
-2182.771547624119
-562.7137832725346
-800.3550099620468
-1310.4811823928533
-1247.696508097715
-1315.2935811646455
-23.45236956870258
-1517.7995832240392
644.2025586768834
-1695.764095324246
-1189.9451767817034
-2102.0550325984923
-2278.893975413788
-407.84865186756133
194.25124456834897
-2910.8781875536124
-1427.4731310343602
-1472.0068001151092
-278.93984375628685
-2058.229232103203
-193.3123526893021
728.2888212949395
-1210.911190649694
-301.9907482937358
-1014.6842249820918
-1381.861030895036
76.22610638232686
-853.199956737895
-1305.9984676130557
-1941.2362238932417
-1007.749264196879
