-4.023949673329144
-5.854034278801306
-1.9206797036027767
-3.4703849248500935
0.06567652451273975
-7.209283874027451
-2.018258502427048
-1.4068775037237513
-8.132989401810033
-5.085560782032423
-6.264862353725315
-5.447492305141544
-5.407873213310853
-8.763953506055689
-4.388753953119827
-6.366088150120791
-4.973078779519613
-6.705306523484792
-0.5774386611423958
-7.639237177384264
-0.8501838833408888
0.5787480186167384
-2.162090213714044
-8.940295774919807
-8.65642712343746
-5.893423988321159
-7.599739243247889
-10.547630781543202
-5.84089217364519
-0.10557877128115489
-2.1458421295208856
-5.995254756815117
-0.8761954461266113
-7.69047558118126
-4.88452459698052
-3.1035989509540394
-6.54832185817084
-8.456505695342134
-8.888026888870844
-4.390393230808195
-2.625980005003597
-9.623739291937383
-3.9538861773082017
-8.754176039022482
-6.51630966764241
-8.095892292057034
-5.506055516726401
-9.405691042152004
-2.049962392836391
-4.0855715116256714
-6.568666071146587
-3.5731007009053686
-3.603944588278985
-5.073961692747047
-4.825616541296867
-7.302190305440879
-6.463878426038252
-3.7227959325107314
-6.700388079000102
-7.173287656823996
-14.649565119438794
-6.1231402974703855
-8.14894640063039
-4.295137887807939
-3.779497778725423
-2.883342277264779
-1.4560607184740126
-5.696996542201675
-4.088023184369411
-10.37427256946896
-10.062496885570578
-9.570586629882833
-3.2331669051112426
-5.049604370833005
-1.1667246605403543
-7.486383557203555
-4.436720030981987
-3.277904733822287
-5.657844025441053
-7.9968372686045015
-2.8960162408168726
-8.432240547407272
0.42796080278909
-0.6048966176503425
-3.763940838738786
3.9182568233773525
0.3180663449440049
-9.436938099639313
-9.180040608534316
0.03544962529948581
-6.70925684738492
-0.8154655225045202
-5.350563369456996
0.2069298181740793
-8.34880224293908
-7.870817182610009
-9.806838417348796
-1.9939232933042303
-6.87532536800606
-9.635289507907093
-4.591088123959323
-4.8281421205310044
-7.365129874169965
-1.3621711962455683
-3.209226065622052
-5.74497188643572
-8.284903423113128
-12.22628972260074
-4.137947418398439
-4.325712281674575
-7.147719506827172
-7.869942497006988
-5.799061270385574
-1.1917484957972233
-3.0706098338270698
-0.6266797751964317
-6.316523868763151
-10.289078535655921
-4.291338984301777
-4.402239383100263
-8.3653931611153
-9.93457059519335
-8.498952404760836
-2.9152955752083036
-4.283797294425823
-3.2555126791900753
-3.315609474285216
-6.443218185209854
-4.437279965980896
-9.290936108118704
-1.9457769560309268
-1.8518555391929876
-11.006569577114263
-4.866805905983111
-2.2385337592961436
-1.5489908898708071
-2.202743851796936
-4.738332254459263
-4.168467394016467
-5.472644527804177
-1.449921451138052
-7.46153242214683
-2.341767228708333
-9.134176180129586
4.233091463575925
-4.081251078713859
-2.7839580952067715
-7.071510588318293
-1.4551609151894551
-3.5587081403887817
1.1591820842492
-4.031947715384358
0.4324301718155015
-1.8933431865472885
-3.5617993737234013
-0.21350645245283761
-7.632507431170885
-6.726325883259391
2.2227720294191586
-3.332072873762617
-7.04876837257807
-4.5275057418848865
-1.688427817168626
-12.190461863509352
-9.172893885610339
-1.7761102439649106
-6.8715378081620555
-1.764016161441055
-5.936271240222495
-5.023153799578945
-6.878541915524187
-9.087702335342062
-4.04607763919051
-1.920766873986576
-3.069658260886926
-6.5678677907847645
-6.111472024248081
-1.20584355583821
-10.946801781993363
-8.624688521948169
-3.8125792186212912
-5.969788045399375
-3.168065041650233
-3.4018485254398945
-7.147048971534627
-14.662931315907958
-14.096154848799486
-6.119958498972986
-3.305102164343327
-5.657540543939258
-2.2687405659843547
-6.061120439822721
-10.384019112762509
2.3665335869420323
-6.031131490205492
-6.317298279885323
-5.28910314353102
-7.5353216780831795
-2.409862655864621
-6.032650857377219
-2.894259663663558
-4.100277695421701
-10.526907566686546
-5.419291767399858
-5.497385927396219
-5.613687056648906
-7.173918510255785
1.1999109193669826
-5.6448586907170615
-5.32806138369703
-6.75159872225495
-8.941999022432856
-8.272402353178531
-6.974720464915238
-4.304425242500684
2.46349637650155
-3.96481378634381
-8.051344800813581
3.783456674978198
-4.908463104136061
-9.696197382212478
-6.188528023397452
-10.589552509566229
-3.0695841037577685
-2.4890246086937102
-3.232535008403221
-5.2884474747509325
-7.634481067803851
-5.10075724985981
-0.9158310122911155
-9.475723683223244
-3.6182626717692914
-3.476957053723699
-0.4909122132934032
-1.3484387505540871
-4.704317254640352
-9.127231790604643
-9.373521337587398
-6.153602537749799
-12.477830670871764
-2.1042682743017407
-3.6792970731606234
-5.12484489362696
-7.2642791954003005
-1.4056817602290685
-9.420167567497241
-3.843942307143595
-9.027152204168381
-5.036308296730829
-8.149085707384312
-2.9362206599637544
-6.82999829532345
-7.480854718577401
-6.992708101180509
1.2456462120475766
-3.341010227203358
-5.730168039164053
-6.40624459417048
-10.396724065345651
-3.3595831886108973
-4.0663673517477426
-2.4570521987336607
-4.244179849053352
-6.667365935084536
-3.260918960452627
-10.070138428717033
-4.317884180379772
0.017832512456024574
-7.968775263980014
-1.2982176349666625
-8.69362511296298
-9.04698988707603
-5.776374783370335
-5.4154568252969435
-5.56936256408303
-8.392420828559203
-5.5646697695894956
-12.346991284387736
-7.954714186723904
-0.91592648390177
-3.1701446314583634
-7.101291950216138
-3.730649590262993
-2.023752729047355
-9.65883069681091
-4.06682889364559
-4.982115775373855
-4.729207382434782
-1.3282864221910051
-3.2332767983046997
-4.398535174686573
-10.807107562781761
-7.556539903254872
-2.6938910329712433
-4.0995314145797845
-6.755101235173426
-3.1175694088782917
-4.347924880096742
-6.925751907150716
1.2346678033087475
-0.9099786623377346
-3.996074812150918
-5.160934753533653
-9.43591558918676
-10.579201736056852
-9.96283714506991
-3.6531776641889513
-5.529508832605376
-8.87439645770608
-0.8928098572390377
-5.706005696996009
-4.147952625823009
-0.42107400749976076
-3.32598855238649
-7.94195428819997
-7.730104696549974
-6.670076158053068
-1.3344744400892674
-4.984316504885803
-4.658171544399169
-2.4164650478031904
-2.997612104735029
-2.520172500448619
-7.622990294101776
-4.7319573514507765
-8.466614021757568
-10.616858157023266
-4.428820681870419
-5.0824527557942885
-9.79523792006848
-5.31385138587716
-1.6882056614427503
-4.592895474454374
-4.935825578723914
-9.04814501459726
-7.76591309272521
-1.4761320067929402
-1.0876819397754955
-5.012615823415451
-7.143618053959066
-3.6509452762711154
-6.811590885618866
-1.8902121707679145
-9.933409827767441
-7.190927961599384
-11.497257957110513
-12.669512841178388
-8.871722948231723
-11.816426513439708
-4.830226598876205
-5.904709054265733
-4.967191276512216
-3.348571500192384
-2.1932131840273383
2.6994799787964494
-7.0590638190776
-6.38508136051622
-7.224943928314504
-10.122265789002757
-2.1281155243665433
1.2726513277728122
-5.825203648500356
-6.338746834697541
-4.00252950965818
-3.625943878805086
-4.438592664957698
-9.348248534356117
-3.847610635206352
-1.4180579411355092
-12.670185669316488
-2.4115643834454996
-8.292918895097472
-4.926731323558916
1.8197722586172755
-6.777328073803025
-5.3557825079681916
-4.193309671516377
-9.509954412101592
-5.723847633256341
-7.891790800829413
-7.408205894020212
-9.752319976826396
-3.6119563815330187
-7.411995861874863
-2.693235518085803
-6.997112674294519
-2.4990828604377056
-10.988568906587204
-1.4300749051411819
-7.4363512538179
-3.906558399608415
-7.8604539210252
-6.347013870385281
-5.681174441288472
-2.5718892996985128
-4.638054508677761
-5.745617490738421
-7.526452807438601
-7.394859775912297
-5.608174090685565
-7.907186105916794
-5.757424318424419
-7.30351205938872
-5.332461736084597
-5.0441891789639675
-6.511262755361901
-7.800851428111463
-10.604340111464516
-9.105006717833742
-6.842075813847569
-3.866099637986408
-6.168082910564585
-4.151042348232318
-2.6332948224113064
-2.1300551791723974
-6.861558402654775
-4.206159737556962
-3.2727977090204314
-7.639526469107287
-3.7112350666420495
-6.36115994742451
-3.3081543609549025
-1.388903453904958
-5.3912559501436155
-1.728285406543006
-5.028616818421686
-2.8133927863124315
-5.006354464515375
-9.360252852720222
-3.415706085012495
-2.731516665549374
-5.037357113257104
1.1904635789596396
-7.20623194619289
-4.196245207536612
-2.2189499518389817
-6.48259372837346
-6.325765484973089
-4.791741295365891
-3.2067208076101057
-3.193433772391361
-5.109323776412203
-7.0059202299688845
-7.268156563640843
-5.705875224472117
-2.0121078702651705
-8.142339157905827
-1.9396290340380942
-8.046044781212743
-6.732056848437631
-9.87051487969876
-6.658565479333469
-8.682565009296656
-1.91571497836713
-5.924319359221922
-5.063806195764619
-10.248887629494593
0.12601704827168536
-6.165266306732562
-1.898148340207272
-4.217244117649403
-7.236081796800863
-7.998282859781939
-3.972237390731814
-7.0898374199541205
6.35206299096192
-1.4808762823730897
-8.99829622117203
-2.1556250260829577
-1.5399285963394194
-1.127948403299448
-2.989789555478306
-1.9370299856269169
-0.889860200296476
-2.2108132565577945
-1.856413765499357
-8.152451166476055
-4.247294130809093
-6.830119269509008
-2.042128082735
-8.497078163451668
-6.818124836927917
-10.191365829421034
-1.6694257462193347
-1.0734870006479271
-5.079932960254474
-3.4858706203992496
-5.1636085544068875
-9.488491606795932
-7.140323340185553
-6.963046725290648
-6.114701087672815
-11.855827144261024
-7.307044025044479
-4.890045567561443
-6.239480468483822
-7.978073893901995
-10.041477433994014
-7.439305597168672
-0.7116784551514597
-4.043907167163686
-7.745620850486461
-8.2326917287868
-7.055146849459938
-3.8754666178062207
-8.057957065619824
-9.576211897564026
0.47415987247504976
-4.238051534274798
-6.667236936712881
-7.607297296523709
-7.271659649291453
-9.055631987941911
-10.811593243074178
-8.626609576040792
-4.4196234097845
-0.41010443740836955
-1.1286400798388732
-4.912680612872066
-2.57996930136398
-1.9206122347717693
-5.831701340218145
-9.042134904306568
-7.920562476231132
-3.756954423093456
-3.308973439879183
-7.078838950549684
-0.5849497658129783
-1.7689426066559113
-7.58661015155447
-9.985080214151722
-6.947364863282955
-8.261313774435685
-0.12525193111169752
-4.877925062520538
-9.04861584462461
-2.3371559778931075
-8.21455868936678
-2.4952719892289226
-7.788190061120501
-12.681612831043587
-10.423559803754078
-6.906697120992067
-9.590808583055694
-10.952006943298684
-3.021025688574711
-5.475258351062677
-9.412076157572606
-1.1787425598797574
-9.117038417613582
-4.902805357473753
-1.77756686392472
-3.481862388484486
-9.955274650540753
-13.288632062623265
-7.56257524107611
-12.328997792456718
-3.9048096524303295
-8.023841762976893
-9.471418335053336
-2.570097566784624
-2.1549044759841784
-8.184759184495089
-2.9502959136238536
-5.639976600779046
-7.462507237558258
-4.680552537902252
-6.1383028903099985
-2.1842514141615377
-7.916618654468713
-7.132010498475478
-10.03746434944625
-8.017599064184804
-1.179920326466525
-5.226923989972126
-6.0377205479634455
-5.435726295519163
-4.109034961670026
0.37469636887665203
-6.890218267688025
1.1607996830180385
-1.4259126159255286
-2.557874618005088
-9.15654058347836
-6.010711653175227
-8.736833643800676
-2.9558127988823575
-7.478054490363294
-5.752159917706713
-9.836385998397141
-9.716856525427392
-4.158165495227145
-8.348783337151646
-3.514792438150656
-2.8845936050013323
-7.063723759127348
-0.28350269659045857
-9.24530930048935
1.9670071762235724
-2.368481174601916
-5.970631540058117
-2.3745215445513326
-10.748218095990289
1.316512011604087
-8.30944794125163
-4.190933623634618
-2.161465948960911
-5.309655115100994
-6.617963136524798
-6.21396222981777
-4.944817089494374
-5.416250053200705
1.4493132141804006
-9.983186529245021
-12.298437688463473
-3.671481829605799
-4.616831091867777
4.955536890079977
-1.2505350707073601
-9.937298175531648
-7.899325132126191
-6.8801490223219375
1.2356626739707108
-8.261503070083705
-8.763121571567623
-5.2632828866087875
-3.474844360812856
-5.692459061900247
-6.6216409842009805
-9.203900342988783
-5.302528676955959
-6.44225870990151
-6.5358238312784325
-11.144048581073672
-8.298481469093545
-1.296312227996732
-5.817539530972566
-1.1850124675977822
-2.8484175874245077
-4.85088877167848
-4.5192032205721215
-2.7384508824730665
-3.228350311299418
-4.047667763217052
-2.9292723911044503
-5.843817802232382
-10.025401920564587
-4.937431866706712
0.296136417773627
2.813015445433682
-8.796123708969802
-7.117741793804881
-7.116317057126109
-10.682342106615888
0.2639852543347496
-2.1947638194132066
-10.275106578098887
-6.207813399755799
-6.804085980312632
-7.14155623763845
-7.804217066849183
-5.189234826106907
-8.00800568841968
-4.345354666804412
-0.8268408148497413
-2.162139250054512
-9.580448464088942
-2.565226542254604
-4.469068786415504
-7.7939928502778555
-0.3929664236505106
-6.876998591541709
-5.1211171465765295
-7.464940346484126
-3.5597176705906763
0.6892764083963767
-9.778760197233058
-0.5788961895725171
-6.83570429004575
-4.868951830546551
-5.898635200207777
-4.4101862155026685
2.1086317998224926
-4.612599295850091
-6.688190063228961
-8.535247310453265
-0.9229970501072549
-9.249340722867355
-3.8519345882632
-7.366965135470543
-6.872696687218806
-5.934674337207588
-1.0629706704151038
-4.52228013525164
-9.16398282117457
-8.53630811468052
-9.406167094444914
-7.789380105207251
-6.660368560520394
-5.063293982334371
-0.9330742755050521
-0.68684600728439
2.0303894275752734
-4.7535208489712195
-7.777810616190196
-6.381547347009266
-2.6366930741845094
-4.311894635200574
-7.019491316322479
-8.464146573822742
-6.411411472058783
-6.3779723463239515
-5.92196020089805
-2.504230564420063
-4.558394643788552
-3.7619425517027505
-3.6379048610702993
-5.902097580275407
-3.041375519279547
-10.238725515836805
-2.3219053430190053
-7.612062033698237
-4.393345877982806
-6.245273508335454
0.1657684825169321
-4.252552523324488
-8.514054020071484
-4.894250881873325
-2.9372912303170926
-3.9591632193906916
-8.386594995488657
-10.1924130771642
-8.405341735811675
-3.708594987316622
0.2361693962918432
-8.883737621560023
-10.393213670377204
-2.5829580177856064
-9.360456503112733
-7.647807657472636
-6.695935340252567
-5.033659031574529
-2.784248467044974
-4.735699721873755
-8.541137883944163
-5.863496063871831
-9.709972826364158
-4.350293376487513
-6.26238655917227
-3.7623552165220855
-5.136555402999616
-6.30007568774436
-2.8204558985636137
-1.159781228391597
-7.993135134713322
-7.885539428825617
-3.7994771130028466
-6.151088873978028
-4.718024407652936
-11.811244336903037
-3.7978123994630844
-1.726559889190022
-3.184777849304205
-11.306298568022125
-7.065524633083373
-6.973446080990466
-0.6006610923775009
-3.5486524071675394
-2.669252416643835
-6.905398569468199
-9.321823735871643
-2.628158054363265
-8.712243595660883
-3.9160203832647555
-5.716037875738356
-4.336822169071595
-3.205305265760019
-7.778358060481582
-10.379111986025322
-9.354430257693965
1.3643156200639064
-1.3465053058766978
-4.077169951245552
-9.150518702804806
-4.3114903562996885
-7.692999164136177
-2.384951237704348
-8.374940098915044
-8.365814192383471
-13.876025205573093
-5.17236987246783
-2.960126162909342
-5.864582982205232
-3.780895133850186
-4.852242765680129
-7.460953916751072
-1.4347908034471049
-8.739510040600766
-2.1584400051168524
-5.628798424756041
-5.51894188678608
-1.5875562001038999
-8.743402213147583
-7.281885244975139
-1.559722499564157
-1.9487162807725769
0.3337887365040997
-4.5625197954436665
-5.73526675752005
-9.641985408153317
-8.77186854808442
-7.795184169223682
0.42444839196091433
-5.669637312884386
-2.029667519455675
-4.279915516971374
-3.275772385498734
-5.850547029568999
-4.7363999782809225
-8.203093610129569
-4.814204957431378
-2.973605985697384
-4.255195956865109
-1.90431823054712
-7.802053574895553
-4.716256041886372
-5.390663471705482
-3.317760639465795
-3.668411504913336
-7.87639016433042
2.842664071356423
-5.194712295720453
-0.04419378285364317
-7.121752120749532
-10.55603081169815
-4.05790894455004
-9.01902823575308
-2.7558885532842434
-2.551136560681525
-2.7906014006217745
-8.442597119463079
-7.850660697331776
-3.308918987711773
-1.055237735363213
-10.560670520434908
-6.590507385457143
-9.85421115201369
-6.229059938948494
-11.520404699320064
-1.3982278570449216
-11.504292268369376
-7.367190047701949
-4.388452219707729
-6.5158778622969455
-7.6385552625848545
-1.2772360651790748
-10.595927624342316
-6.67249048057324
-1.5947679054722599
-4.4791411866121535
-6.5060556500876805
-7.329447186894932
-3.5111484891228546
-4.388885259283045
-5.912189118021227
-7.339499356105033
-5.421675499661372
-1.2545097049760043
-10.269603970391806
-7.197578737718076
-3.0093439720931654
-4.404533053160267
-4.284833351626948
-2.648351111424046
-6.211556808592561
-2.956188954795574
-8.652123582529919
-2.6403875442201246
-6.566711217545039
-3.7955150060678475
-0.35597699835467633
-2.3249376527703367
-7.819965039225375
-3.113961047359478
-13.850457597166564
-6.418969062402392
-4.561796922757234
-4.2766671402215755
-8.01332869889311
-2.4717029340239227
-10.380009578997637
-9.21305177653906
-13.087968192599572
-10.186929372292848
-9.71786943509601
-10.984690306577818
-9.58428058434448
-7.95394803947391
-9.077585007592191
-1.2240086236771273
-2.1225015687552995
-12.93446523224523
-5.175381503255676
-6.0960457221071245
-3.0229702667586613
2.5112511852214157
-1.2264142801568143
-1.7110351957444676
-4.140570884877637
-5.173418407852913
0.026338576931111746
-3.381509127836213
-2.8965250631824295
-9.314500438654996
-9.056463668050288
-0.5175200060118632
1.42043253172592
-4.257522792286776
-5.388661338258955
-3.919101894733029
-9.905750067262268
-1.2952438192258944
0.67197995642253
-2.6001020350983155
-6.259794047184894
-1.3262912022418822
-6.04040028769625
-4.285974459421835
-4.188203006671336
-6.037954957822886
-6.890872394878197
-6.3888207992452175
-10.473448531854991
-5.070382223097758
-1.074745924828961
-8.500621894803228
-11.206735568366195
-1.5524631478647875
-5.293823957951353
-13.05783158011424
-7.504668208732556
-2.7989113621993083
-7.322543381500984
-9.231537075707017
-7.108926463678665
-1.5446569606732927
-1.6842659418623072
1.2099695911803368
-1.9310024577656906
-7.7799585189055245
-1.7758889026032607
-6.4014487156713145
-4.802052292461975
-6.653426138817149
-2.709416969706605
-2.763615296674889
-1.2271572480106192
-6.984122889927801
-2.626235261987353
-12.295370271299966
0.9950394825030662
-4.686949439359689
-4.595310254225182
-12.374970582335227
-6.746491358969604
-3.149430043649041
-5.964545029349738
-4.062184699769005
0.07203531524249751
-1.3664717667633193
-3.0815762313267614
-3.6591830407053356
-7.6987194743493035
-3.8946078394172323
-3.763609255767199
-12.086740970083074
-6.094399908098616
-7.224598087652672
-5.256323725875049
-0.8410040178705094
-3.361318894088031
-8.785339647321017
1.5896069204068732
0.5472548314495258
-5.7046676591775265
-4.4010413565666715
-8.35304360873885
-8.239523017871011
-4.202566259084754
-1.990462779586232
-2.0565556790530666
-1.0050693193804312
-6.601714733747053
-7.4402825363240295
-5.928373442681241
-8.573514579970421
-0.5517041318480143
-4.037204754142916
-2.069925717683044
-4.960032875469894
-8.419471628122718
-4.896156812608434
-7.7332577688781985
-3.730011429448007
-2.2878735923851057
-4.14710983574479
-2.527541411479281
-12.618304478182878
-1.093389954778992
-7.273181145830846
-8.525171405805828
-5.138419234902762
-0.38593838165475436
0.5159920261671305
-2.8670427004026893
-6.02318552666111
-3.99587032984747
-7.229410976854566
-3.6378134133115747
-8.706805166027484
-5.17866028020419
-2.5844239793969583
-6.177006294398194
-1.9596336796973022
-6.469243335621541
-0.3600136039502386
-8.040311162322332
-10.51480388543401
-6.089929327335251
-8.58954652579666
-7.051492822452752
-7.059403786806958
-4.898729980614698
-1.4685529955688992
-2.1557573586402983
-1.86237448763202
-2.590586477925714
-0.06596689677450573
-5.884946812263338
-11.720418723469255
-9.361778182359231
-8.3873059902948
-6.871385657873737
-8.404452771377514
-7.376848882218588
-14.628645238702852
-1.824641198827834
-11.239352078784783
-8.323414385764384
3.2912869702904226
-9.824380259096824
-7.546711948753377
-3.0223267237875406
-6.724566906245395
-8.832064949614242
-4.687370107372586
-2.0285564079170895
-9.462888983040322
-1.3775082172274704
-9.63136233630534
-6.307344625290699
-6.412186357066935
-4.451298899078113
-4.632771932175839
-2.3488445076169553
0.9978448814128988
-4.3514756649916055
-1.3084731992410683
-8.492003238922976
-3.9392341283593675
-6.954060195112937
-7.345360347416817
-5.270110872589598
-6.855959286179782
-1.3789381555150513
-6.235963542970899
-0.7217610255867681
-11.842422354566821
-11.522722082336184
-2.8114195043048538
-4.026894560775627
-5.5937057341446375
-12.14866030604178
1.1770226152189798
-9.467951639351245
2.9300001943829956
-2.7612881231835145
-9.77687991031005
-5.9135198192908645
-9.252152332355754
-8.112167289669024
-3.8423321068076897
-5.956889541983954
-0.25076981036721424
-0.821361515870989
-1.0021002541462538
0.9311268932540857
-6.264976120565114
-8.419022515206727
-3.260981976837109
-12.023770096836664
-11.1762020287841
-2.641028345626622
-0.7504685168189988
-11.165182879954468
-12.618914164195496
-4.727380842376046
-6.74503028385898
2.671280147199746
-2.9103670615257604
-3.8156655557146397
-7.327783643999346
-2.4311680076499576
-3.1005595015454004
-7.340917891896409
-2.9406747367883623
-0.11959544078260098
-4.3218265704630445
-13.10434670215475
-14.528145794525745
-9.056990566927293
-13.733896832194606
-4.345232576732896
-5.172095931300329
-0.12884198779792388
-0.8645474145981886
-9.99253831420673
-8.764369238802932
-9.648659390520292
-2.9025365782747263
-4.655852977921284
-5.220824800912975
-4.7818916902270745
-2.7381153337118134
-10.156193298897422
-4.832834005555761
-5.333824785271169
-5.51403458345898
-5.430285542715221
-7.539154224844623
-11.006080777004673
-12.151478448693862
-2.7723602598821833
-7.660079198555791
-4.770122402528512
-5.1696602939982235
-3.4274068456876696
-5.021056871584546
-4.7756531424181
-4.688421392563473
-3.1422709765795167
-5.250834870600182
-8.99355519581612
-3.9543705510170097
-7.399402614283528
-0.10930820719282064
-2.6233931259328593
-5.395741128726823
-5.333723302270218
-5.254379579012698
-8.363263476241457
-8.24561876534603
-1.4285012483572972
-3.3126143286200405
1.610577355568231
-7.188097308473033
-5.962935305793983
-3.1755757146186747
-3.0619480325539747
-2.9757133803420333
0.27167932263541594
-3.383913940552488
-2.3377346648413146
-0.027942910733277593
-2.2251458950129352
-3.609912132390719
0.027028285232863603
-12.412959646943602
-3.419970550004769
-5.004548734807618
-4.681488837394467
-5.6124566476966375
-8.077614778026328
-2.672289198365773
-15.130396061815524
-5.349554781537343
-1.274411430940206
-7.852942737032023
2.4234867475927766
-10.989363642495622
-6.87312418941778
-6.946806906273582
-6.624822441961818
-10.825422144236423
4.958586237049492
-5.79337999669752
-3.7070780373740453
-9.498631496326741
-7.341833164178978
-0.8872341931753853
-5.424880443175392
-7.592138441488941
-3.9436656128582355
0.13358605144430502
-4.848178636983461
-6.033379410359241
-1.1013452290962524
-1.672147280769022
-8.109690137984362
-3.392589119941655
-4.20553120117414
-3.4764690753939567
-9.118308008503362
-5.310162776417294
-0.005161825296934985
-5.438062398110461
-4.714529774205558
-2.8019853796588494
-6.615381403227587
-6.751682857336945
-14.364627201203177
-8.194048945955956
-0.5018637950647493
-6.102084916460922
1.3275390673252776
-5.331396310922433
-7.839205269565277
-8.49441720873473
-3.8074925130858555
-8.387114533430395
-12.161853329594678
-3.71853037926608
-1.3035238016978044
-7.671980656152878
-2.8836161423615847
-6.422244534864617
-3.0151003262755287
-4.39760804453105
-2.263141541234673
-2.9564128606377826
-5.36679154612728
-0.992577608386763
-3.012452385563079
0.5700950219475187
-3.05272783297087
-5.746505671695547
-6.166003566714097
-7.6426623141565555
-3.2018986223933483
-9.137058012181484
-7.277244046057922
-3.1709437536555516
-7.723222001226495
-7.6938936748062
-9.36562381661965
-13.0742941559383
-8.513611594434998
-3.2030739771995647
-7.2506857260975375
-10.333682075817816
-1.526764709269119
-7.693055366421684
-6.475201972901466
-1.6288332826243765
-8.56019692932868
-4.86726169572595
-6.817195847345107
-3.723365696655647
-9.439057480282177
-7.054980421589668
-6.690039757145526
-7.416913275534717
-5.909780320512016
-6.977339049305514
-4.174088119607403
-0.8158788382070457
-6.872700978338336
-6.57335045057281
-11.594434836750729
-7.8541079866178904
-8.036599737629517
-10.794584290032123
-0.31593829537150153
-13.976735143619571
-3.9748600784750296
-10.748561427272598
-1.3134181338271533
-4.683533596267384
-2.509275129549252
-4.119032117114059
-6.280056908728155
-10.523644608503929
-10.956920361256005
-7.122989303365354
0.3375505177109419
-3.564687989088811
-2.602537108629125
-12.540201507294547
-3.272585255688155
-5.604208592222419
-4.353355441197304
-7.513474258322865
-5.935569641762904
-7.8846430716194975
-7.191319169520134
-1.3124283239492653
-6.95504324389566
1.5598093913753202
-5.624613002388416
-5.267017166853254
-3.0385550543643918
-10.130706359162044
-0.9748358032222075
-11.34226515616168
-4.141033287476811
-3.3611964929570917
-4.019108789677557
6.339408119324342
-2.952605402742087
-3.098250019005927
-8.586621264553322
-1.863251653292214
-10.047382407251416
-8.126049370082935
-8.176768363657004
-9.742857662855126
-2.8041089244643542
-0.6474750188954523
-2.486449688022428
-8.194201427582348
-5.585586540041285
-7.951744163310658
-6.085530874262027
-5.790295359027105
-11.157059766508393
-9.61719547512665
-2.741551657973633
-5.780422617744143
-10.595815650031433
-5.038214916700755
-7.507237650484125
-4.43688040113086
-7.695221150053747
-2.6788897868386945
-10.37662908725569
-6.030043160488854
-5.9212651183877645
-2.284791046648004
-6.909568893367207
-9.18696615422866
-11.19039127405204
-6.133787370864602
-6.718893223329634
-6.89271535878128
-7.002332404860431
-6.647032521746069
-6.796943984497429
0.5106375855324776
-2.2733593574103486
0.27121236168984186
-2.8359907523616124
-2.3039209683032764
-6.054395664585516
-9.168645886866646
-6.793522474888202
-4.249298932494434
-3.653873498501097
-10.260623830087649
-1.8368910607257716
-4.433297957434859
-0.6095375526131841
-4.4536598243118055
-1.3108663089933996
-3.1848053392427884
-5.818371389449742
-3.7396301381484394
-4.258960669326959
-6.6761923283441105
-1.8864988134200367
-8.659376461291735
-6.921046013115347
-5.505676005391744
-10.464872586882581
-7.381108145049573
-1.2302053673706128
-4.487865397041147
-3.965703721416774
-0.37113934684792227
-1.5343205760655527
-4.163106858120671
-5.466884384807118
-4.666841745867977
-4.622525210874397
-8.593161449061697
-2.373620617361726
-10.330008972567658
-4.555156441596208
-8.611105614356433
-1.3681258923392354
-6.900285614062242
-0.9595794632724814
-0.5184860147190387
-12.574728467976367
-5.801281744697284
-9.460225877201129
-9.625854228305979
-4.239246659816465
-0.7002240462158786
-7.232864788234891
-6.844560482912888
-3.1830161549806633
-6.251826715044966
-7.732025598105289
-5.751703051291961
-8.216956884511514
-4.345425152877563
-5.51310373073484
-7.841260535149877
-9.27807711845464
-7.911029392337194
-1.82913199212011
-10.323932682046134
-7.533460534512968
-3.4641001956143334
-11.663784284052785
-6.349460098845269
-4.490031202159566
-4.70610882982353
-4.238248538662524
-7.384332695556492
-6.926581537856043
-4.769885201461881
-11.148265962863121
-8.287276945653286
-8.395072230384066
-3.363374099192522
-9.83759416306097
-0.008230307120355995
-5.5212521117486375
-5.97227833223518
-4.092841602400599
-5.80175570258992
-6.412523519463455
-3.4755998924616742
-8.237032048590564
-6.357476748591897
-13.074364102881006
-8.228511266767342
-6.009820293790447
-6.2875483734602975
-2.969560992304345
-3.0082944222139476
-7.355388809909146
-3.691030685495778
-3.0179638953449017
-8.06051225081
-7.909254794582147
-7.268791433016408
0.6031938146088196
-8.459757608199237
-5.197443292129534
-5.263148008356436
-2.6033262385310527
-5.781959659708095
-6.230640564823227
-4.28689135917782
-6.342336181848368
-14.189201521499612
-7.468098251327244
-6.89013676763792
-0.05888403694469968
-9.200159619968579
-10.231744979573588
-3.0649993277172616
-6.689402621595933
-6.504803756234952
-3.9310661654460874
-5.534423344198203
-6.44235565066334
-0.36706633532608546
-6.534741564541823
-5.252412150168852
-14.653597803778055
-10.846250787700724
-4.509050462953339
-0.8400660201930057
-5.180601021454598
-6.373701417751115
0.3993753913268572
-4.855604542469045
-5.989950177383981
-9.860920559052204
-4.0919580010860725
-7.128417863850354
-6.826795326077252
-3.814438110701878
-4.1939753933694
-7.40812923819391
-5.398928760977927
-6.436288980128923
-4.912636727146692
-8.853468827718356
-1.8118887373916541
-10.330583858605024
-9.71784212636802
-2.80323443661512
-7.925125542062954
-2.070343809221187
-6.349596517437063
-7.088844552158879
-3.3025123526331805
-2.6220393917761617
-5.311932646800968
-5.087580333073183
-4.541026092763722
-5.184429226661144
-2.4220338415501734
-9.122969291016354
-6.982467343318182
-0.11152542517460429
-7.111661318759693
-5.814562223510766
-6.756689383923068
-4.013729337192898
-6.630424286236977
-5.214975109512934
-6.746853720650638
-7.533630187745355
-15.663052486443721
-5.11413818799386
-7.696946710426668
-6.356768840658758
-6.244680686016387
-5.623331422392644
-6.182856148261129
-0.7679602824416873
-2.9574748205936023
-5.304921573920573
-8.310722125278382
-2.837516191597352
-12.218613961236706
-7.546231449248186
-8.707569580230668
-8.12739727184098
-5.332325741443639
-1.4827889357250532
-7.619907928686228
-7.9081194346141235
-3.9298808930287725
-1.7384634727720067
-10.414290408320602
-7.615735884654054
-4.688485873519414
-9.46891973609026
-3.3017081257658107
-10.096860677407282
-11.650019452339961
-5.967229248791693
-8.02904619522899
-1.917384626660541
-6.206325611322813
-12.350594085111728
-7.647075318892926
-6.993052690533452
-8.073320643304054
-2.3909900483791517
-5.214771094581852
-3.558484525389458
-0.5183131580248803
-4.5243499560520695
-1.6903149723748934
-1.757326768025612
-5.480290419295005
-3.3747272323650916
-3.6935149708216803
-1.3450269989748191
-4.960581444288285
-11.717907516906276
-7.274559693458868
-3.9351102808601226
-5.472246861561358
-7.725313203147208
-2.0198113008847622
-4.835418918452539
-9.639637778929814
-7.200510547507618
-4.033673961075136
-2.2217387615753443
-0.8166665605206651
-9.987848644275882
-6.324947101668601
-2.10891589302316
-3.6724637870592955
-11.462313202811103
-11.175768918141113
-3.782950911929114
-6.808623995694169
-0.6492116375642558
-4.733857879714857
-10.614676714087796
-9.88281715704938
-4.035344981424583
-8.898589904309691
-2.3494379119508872
-2.771479927746781
-2.829420376017949
-8.325043672136832
-3.648299661853007
-6.7469763333313795
-5.4588055396390684
-4.056639192981405
-6.617635147275037
-4.562790846068316
-7.026927362770336
-7.3935384817224135
-11.838763401425481
-10.00186662293087
-3.1066741669034945
-6.16489904142023
-10.310994326018758
-4.1989298726492725
-11.902950440559067
-0.36576894284462735
-7.367503726515152
-7.798674314592353
-5.451591757392303
-4.673959800772195
-5.754059155348091
-6.552915611131051
-3.3666327675252345
2.205560230295948
-8.366587345001395
-2.0022055221290618
-4.321069371057009
-7.502022155764813
-9.377538203400565
-9.340470605766296
-11.062110505602774
-7.624402281581997
-6.770824676087028
-5.633919587982371
-4.3617003784826585
-9.585697198674755
-4.02030540613629
0.11888629616446877
-3.871286448908065
-6.8093407245498545
-5.072299509988284
-5.752477304682362
-5.050164109103746
-3.44509024556342
-6.318531070739878
-7.728684074875722
-2.0313918059828078
-4.358854861836513
-4.4232106706734795
-10.308077661882024
-4.578080509246514
-7.19766365557767
0.6520244805027602
-2.117169070179501
-3.519362834618229
-8.427608377661937
-4.505744101654357
-3.4618293737754735
-4.4244660324640375
0.5921483105045748
-7.7375522448735685
-1.0261083090018763
-3.7845392449870445
-0.038825007184486005
-6.500612191558722
-6.442325619898763
-6.1054345557727805
-9.022380622191285
-11.43037885387043
1.5076344868996197
-11.411586394766271
0.021244323998161896
0.9279884773907936
-7.86818099885889
-9.598105655974546
-4.856488391468745
-4.951694764106818
-4.5835885104017775
-1.8909182090294863
-3.6362515851728863
-3.5076457904239833
-5.8561991914891705
-5.091640192586392
-10.76380797104057
-7.683599810901252
-3.2312589771725717
-4.4088059290287225
-4.742029449137619
-4.260850650155851
-6.43695377445476
-0.8054818416450162
-0.6178072543766895
-11.793632342420814
-4.697045696422623
-7.901172946989658
-7.288688794902721
-6.915059095051222
0.39200108794026267
-3.5785056552032932
-3.148438338116101
-11.305334720955091
-5.4512609782385715
-9.283576402558989
-4.214622453954203
-0.9944953066643611
-6.384382996079178
-7.50039139713896
-8.467302948034199
-2.7485721197180224
-2.1397491151565724
-8.611746298820062
-4.602362749712927
-1.1983667934857953
-4.425234307287105
-5.200971311146922
-7.5150463532661
-11.30329056250407
-5.105808540299978
-4.777208495720492
-6.350162986402963
-6.01969756306049
-11.38136532301119
-3.321901475931785
-8.189477446327256
-6.114872212474196
-6.729785531152216
-4.268761873492415
-6.943460556329444
0.6577928546277265
-2.641097852383554
-8.047418265720928
-3.649511582114079
-4.966002904952188
-2.671949268707844
-5.573740014597841
-2.8016427734259244
-1.795974977114425
-0.5993145243860303
-10.951004839675374
-11.240279108659536
-5.135548796301147
-3.927571555238827
-7.808295827840946
-5.563730406881625
-6.059431211465504
-1.9402227721713858
-5.254099595369165
-5.924611214941218
-1.9911624090242581
1.092490906867325
-6.017448091547222
-3.7710566738880216
-2.007068011281249
-4.770723666303322
-11.921140522112761
-8.127154088569878
-5.973220394778875
-4.7844354421545345
-3.401766634652165
-6.054420471202493
-4.408505793515471
-8.883789595270645
-7.290791287333781
-2.6024653411232723
-5.069092895472177
-8.23044667907633
-4.214766599504272
-5.863763800182527
-4.100312442426408
-1.7695987653049903
-5.805092811333968
-3.397413121657462
-5.7751949584548266
-2.271787345653325
-8.558398651056422
-6.4282948621068625
-8.990996087582683
-6.572788528768384
-5.314685896190842
-8.277751354712258
-2.8589201468976837
-0.5237835528273926
-13.578387117665564
-6.517455527759286
-3.3553633996581906
-4.025097206479564
-11.043152201053822
-10.456922127308825
-1.7611757692687275
-6.860816238903647
-7.219060322313692
-5.610944547402668
-6.853376791461111
-6.4807543316578355
-2.732391616862424
2.5773385418696906
-2.596559328083777
-3.1001356133309717
-4.759219395019756
-7.648479987509478
-4.587816899422581
-6.870795477444967
-10.186824128394449
-5.472039302605057
-4.952047533507539
-6.225676490392558
-7.703537119240848
-6.027719244318569
-3.0962239866596617
1.12379490348117
-4.391597227829577
-4.828200465591684
-1.3757667182634625
-5.283041637523637
-2.8370266664660413
-10.732950260561218
-4.005695453250811
-3.561303787510192
-3.085184289147821
-12.964478153509889
-7.2278411963694165
-12.62636430897238
-10.438965688643027
-4.0041954356676595
-7.323130145491425
-6.695809057263194
-5.391429184849298
-5.5606448602578125
-4.756748197128675
-7.8018717639371
-3.548058651794911
-7.1308776498948685
-6.7122725581911125
-7.6466237055549895
-7.913647381724052
-5.312646391693106
-8.328553288798414
-8.09462773301189
-2.410115297656611
-3.0231188823709347
-13.438144400821116
-6.871756041717175
-3.0352364552493674
-6.046683466367588
-10.257271414211537
-7.143979328482371
-3.3678032092413464
-7.657839217859448
-4.85048330957481
-6.6726363805443105
-4.5037360854588036
-5.041800012577821
-7.930255478834658
-4.6766731458859345
-10.055582369374594
-9.547328747790562
-8.541532679902673
-3.0653337280053803
-5.951834819930811
-6.029133990257082
-2.1013182323050676
-9.273409371912958
-1.3425323586824307
-7.7395357580893185
-6.361780723694728
-3.8680835860147935
-1.9400407389767507
6.510180405158207
-4.1298904529094544
-3.8655524683944487
-9.38880629849944
-8.737446805903673
-6.333809886683565
-3.7781567527146818
-7.7183592835956025
-8.827493931065874
-1.7856552896245281
-2.851187131679249
-8.072643156236488
-3.895358896976748
-8.660824319799264
-6.636124787672809
-7.7466461488450635
-10.782688521793851
-4.365161472884263
0.8865002425856128
-9.378400448683212
-7.163360404298826
-4.910044984430063
-2.992129075798686
-7.899015159915666
-9.209633082117756
-11.49961400487381
-2.5556064163530525
-8.810218064083337
-1.251014137202497
-6.38835436609937
-7.413237172754194
-4.897121129401434
-2.980395504486446
-9.133937113400162
-9.920779498949113
-7.134694705874541
-10.571053691933976
-5.0480130104674705
-2.947285589721219
-4.640277735357673
-3.26731223025575
-2.744594583993621
-0.5810861532811122
1.3466323689847295
-2.2584948222508476
-5.233339637138479
-10.819735519283277
-10.20600508699789
-2.642218121086189
-7.739788723686558
-10.232485566089945
-2.524079309995048
-12.132654030936646
1.3807345796208965
-6.792931713660228
-9.270947135460847
-5.804555308844553
0.21720895339476076
-6.4745779114517745
-6.930562598086111
-7.12889316678272
-5.709791569091194
-4.900872633660004
-7.585183762823157
-9.85245225851412
-6.017561053051957
-13.742345266006204
-4.586427555752926
-6.521586810713754
-5.770611921528799
-3.8551653662931296
-4.225414932287006
-2.0478537811567055
-5.349206658724504
-2.3306799581738167
-9.838232057761381
-1.1191241644816818
-4.58773843426894
-7.415195021735399
-11.202599238598385
-3.244926263735432
-4.581489119498446
-2.4753609189637364
-6.324236280263562
-7.87888758175428
-2.524349889534199
-5.915027680549293
-3.2424040362848663
-5.436921716599765
-6.571001648773922
-0.2024903821566708
-5.884930093679517
-4.313888990133979
-3.1433690075135834
-6.389813843729609
-11.291300654999425
-4.575545871317302
-5.587339391098433
-7.719118791287975
-7.138460895538041
-7.670778360133654
-2.9299527439335935
-8.216984253406231
-0.26904501165993455
-8.841192851877768
-7.452326765866032
-11.203381895317023
-12.061300616137181
-4.405316475190455
-1.4676222833438866
-13.817670970037156
-7.940188164964538
-8.752677086617004
-3.9539259781350165
-10.632516086374157
-3.603098811623534
0.08319862498053698
-6.977618774515046
-3.9185745640835306
-6.739953647198818
-8.438824111148005
-2.228614506178417
-6.21571500343559
-8.270053383636336
-10.081833055223733
-6.375969746713685
-4.023949673329144
-5.854034278801306
-1.9206797036027767
-3.4703849248500935
0.06567652451273975
-7.209283874027451
-2.018258502427048
-1.4068775037237513
-8.132989401810033
-5.085560782032423
-6.264862353725315
-5.447492305141544
-5.407873213310853
-8.763953506055689
-4.388753953119827
-6.366088150120791
-4.973078779519613
-6.705306523484792
-0.5774386611423958
-7.639237177384264
-0.8501838833408888
0.5787480186167384
-2.162090213714044
-8.940295774919807
-8.65642712343746
-5.893423988321159
-7.599739243247889
-10.547630781543202
-5.84089217364519
-0.10557877128115489
-2.1458421295208856
-5.995254756815117
-0.8761954461266113
-7.69047558118126
-4.88452459698052
-3.1035989509540394
-6.54832185817084
-8.456505695342134
-8.888026888870844
-4.390393230808195
-2.625980005003597
-9.623739291937383
-3.9538861773082017
-8.754176039022482
-6.51630966764241
-8.095892292057034
-5.506055516726401
-9.405691042152004
-2.049962392836391
-4.0855715116256714
-6.568666071146587
-3.5731007009053686
-3.603944588278985
-5.073961692747047
-4.825616541296867
-7.302190305440879
-6.463878426038252
-3.7227959325107314
-6.700388079000102
-7.173287656823996
-14.649565119438794
-6.1231402974703855
-8.14894640063039
-4.295137887807939
-3.779497778725423
-2.883342277264779
-1.4560607184740126
-5.696996542201675
-4.088023184369411
-10.37427256946896
-10.062496885570578
-9.570586629882833
-3.2331669051112426
-5.049604370833005
-1.1667246605403543
-7.486383557203555
-4.436720030981987
-3.277904733822287
-5.657844025441053
-7.9968372686045015
-2.8960162408168726
-8.432240547407272
0.42796080278909
-0.6048966176503425
-3.763940838738786
3.9182568233773525
0.3180663449440049
-9.436938099639313
-9.180040608534316
0.03544962529948581
-6.70925684738492
-0.8154655225045202
-5.350563369456996
0.2069298181740793
-8.34880224293908
-7.870817182610009
-9.806838417348796
-1.9939232933042303
-6.87532536800606
-9.635289507907093
-4.591088123959323
-4.8281421205310044
-7.365129874169965
-1.3621711962455683
-3.209226065622052
-5.74497188643572
-8.284903423113128
-12.22628972260074
-4.137947418398439
-4.325712281674575
-7.147719506827172
-7.869942497006988
-5.799061270385574
-1.1917484957972233
-3.0706098338270698
-0.6266797751964317
-6.316523868763151
-10.289078535655921
-4.291338984301777
-4.402239383100263
-8.3653931611153
-9.93457059519335
-8.498952404760836
-2.9152955752083036
-4.283797294425823
-3.2555126791900753
-3.315609474285216
-6.443218185209854
-4.437279965980896
-9.290936108118704
-1.9457769560309268
-1.8518555391929876
-11.006569577114263
-4.866805905983111
-2.2385337592961436
-1.5489908898708071
-2.202743851796936
-4.738332254459263
-4.168467394016467
-5.472644527804177
-1.449921451138052
-7.46153242214683
-2.341767228708333
-9.134176180129586
4.233091463575925
-4.081251078713859
-2.7839580952067715
-7.071510588318293
-1.4551609151894551
-3.5587081403887817
1.1591820842492
-4.031947715384358
0.4324301718155015
-1.8933431865472885
-3.5617993737234013
-0.21350645245283761
-7.632507431170885
-6.726325883259391
2.2227720294191586
-3.332072873762617
-7.04876837257807
-4.5275057418848865
-1.688427817168626
-12.190461863509352
-9.172893885610339
-1.7761102439649106
-6.8715378081620555
-1.764016161441055
-5.936271240222495
-5.023153799578945
-6.878541915524187
-9.087702335342062
-4.04607763919051
-1.920766873986576
-3.069658260886926
-6.5678677907847645
-6.111472024248081
-1.20584355583821
-10.946801781993363
-8.624688521948169
-3.8125792186212912
-5.969788045399375
-3.168065041650233
-3.4018485254398945
-7.147048971534627
-14.662931315907958
-14.096154848799486
-6.119958498972986
-3.305102164343327
-5.657540543939258
-2.2687405659843547
-6.061120439822721
-10.384019112762509
2.3665335869420323
-6.031131490205492
-6.317298279885323
-5.28910314353102
-7.5353216780831795
-2.409862655864621
-6.032650857377219
-2.894259663663558
-4.100277695421701
-10.526907566686546
-5.419291767399858
-5.497385927396219
-5.613687056648906
-7.173918510255785
1.1999109193669826
-5.6448586907170615
-5.32806138369703
-6.75159872225495
-8.941999022432856
-8.272402353178531
-6.974720464915238
-4.304425242500684
2.46349637650155
-3.96481378634381
-8.051344800813581
3.783456674978198
-4.908463104136061
-9.696197382212478
-6.188528023397452
-10.589552509566229
-3.0695841037577685
-2.4890246086937102
-3.232535008403221
-5.2884474747509325
-7.634481067803851
-5.10075724985981
-0.9158310122911155
-9.475723683223244
-3.6182626717692914
-3.476957053723699
-0.4909122132934032
-1.3484387505540871
-4.704317254640352
-9.127231790604643
-9.373521337587398
-6.153602537749799
-12.477830670871764
-2.1042682743017407
-3.6792970731606234
-5.12484489362696
-7.2642791954003005
-1.4056817602290685
-9.420167567497241
-3.843942307143595
-9.027152204168381
-5.036308296730829
-8.149085707384312
-2.9362206599637544
-6.82999829532345
-7.480854718577401
-6.992708101180509
1.2456462120475766
-3.341010227203358
-5.730168039164053
-6.40624459417048
-10.396724065345651
-3.3595831886108973
-4.0663673517477426
-2.4570521987336607
-4.244179849053352
-6.667365935084536
-3.260918960452627
-10.070138428717033
-4.317884180379772
0.017832512456024574
-7.968775263980014
-1.2982176349666625
-8.69362511296298
-9.04698988707603
-5.776374783370335
-5.4154568252969435
-5.56936256408303
-8.392420828559203
-5.5646697695894956
-12.346991284387736
-7.954714186723904
-0.91592648390177
-3.1701446314583634
-7.101291950216138
-3.730649590262993
-2.023752729047355
-9.65883069681091
-4.06682889364559
-4.982115775373855
-4.729207382434782
-1.3282864221910051
-3.2332767983046997
-4.398535174686573
-10.807107562781761
-7.556539903254872
-2.6938910329712433
-4.0995314145797845
-6.755101235173426
-3.1175694088782917
-4.347924880096742
-6.925751907150716
1.2346678033087475
-0.9099786623377346
-3.996074812150918
-5.160934753533653
-9.43591558918676
-10.579201736056852
-9.96283714506991
-3.6531776641889513
-5.529508832605376
-8.87439645770608
-0.8928098572390377
-5.706005696996009
-4.147952625823009
-0.42107400749976076
-3.32598855238649
-7.94195428819997
-7.730104696549974
-6.670076158053068
-1.3344744400892674
-4.984316504885803
-4.658171544399169
-2.4164650478031904
-2.997612104735029
-2.520172500448619
-7.622990294101776
-4.7319573514507765
-8.466614021757568
-10.616858157023266
-4.428820681870419
-5.0824527557942885
-9.79523792006848
-5.31385138587716
-1.6882056614427503
-4.592895474454374
-4.935825578723914
-9.04814501459726
-7.76591309272521
-1.4761320067929402
-1.0876819397754955
-5.012615823415451
-7.143618053959066
-3.6509452762711154
-6.811590885618866
-1.8902121707679145
-9.933409827767441
-7.190927961599384
-11.497257957110513
-12.669512841178388
-8.871722948231723
-11.816426513439708
-4.830226598876205
-5.904709054265733
-4.967191276512216
-3.348571500192384
-2.1932131840273383
2.6994799787964494
-7.0590638190776
-6.38508136051622
-7.224943928314504
-10.122265789002757
-2.1281155243665433
1.2726513277728122
-5.825203648500356
-6.338746834697541
-4.00252950965818
-3.625943878805086
-4.438592664957698
-9.348248534356117
-3.847610635206352
-1.4180579411355092
-12.670185669316488
-2.4115643834454996
-8.292918895097472
-4.926731323558916
1.8197722586172755
-6.777328073803025
-5.3557825079681916
-4.193309671516377
-9.509954412101592
-5.723847633256341
-7.891790800829413
-7.408205894020212
-9.752319976826396
-3.6119563815330187
-7.411995861874863
-2.693235518085803
-6.997112674294519
-2.4990828604377056
-10.988568906587204
-1.4300749051411819
-7.4363512538179
-3.906558399608415
-7.8604539210252
-6.347013870385281
-5.681174441288472
-2.5718892996985128
-4.638054508677761
-5.745617490738421
-7.526452807438601
-7.394859775912297
-5.608174090685565
-7.907186105916794
-5.757424318424419
-7.30351205938872
-5.332461736084597
-5.0441891789639675
-6.511262755361901
-7.800851428111463
-10.604340111464516
-9.105006717833742
-6.842075813847569
-3.866099637986408
-6.168082910564585
-4.151042348232318
-2.6332948224113064
-2.1300551791723974
-6.861558402654775
-4.206159737556962
-3.2727977090204314
-7.639526469107287
-3.7112350666420495
-6.36115994742451
-3.3081543609549025
-1.388903453904958
-5.3912559501436155
-1.728285406543006
-5.028616818421686
-2.8133927863124315
-5.006354464515375
-9.360252852720222
-3.415706085012495
-2.731516665549374
-5.037357113257104
1.1904635789596396
-7.20623194619289
-4.196245207536612
-2.2189499518389817
-6.48259372837346
-6.325765484973089
-4.791741295365891
-3.2067208076101057
-3.193433772391361
-5.109323776412203
-7.0059202299688845
-7.268156563640843
-5.705875224472117
-2.0121078702651705
-8.142339157905827
-1.9396290340380942
-8.046044781212743
-6.732056848437631
-9.87051487969876
-6.658565479333469
-8.682565009296656
-1.91571497836713
-5.924319359221922
-5.063806195764619
-10.248887629494593
0.12601704827168536
-6.165266306732562
-1.898148340207272
-4.217244117649403
-7.236081796800863
-7.998282859781939
-3.972237390731814
-7.0898374199541205
6.35206299096192
-1.4808762823730897
-8.99829622117203
-2.1556250260829577
-1.5399285963394194
-1.127948403299448
-2.989789555478306
-1.9370299856269169
-0.889860200296476
-2.2108132565577945
-1.856413765499357
-8.152451166476055
-4.247294130809093
-6.830119269509008
-2.042128082735
-8.497078163451668
-6.818124836927917
-10.191365829421034
-1.6694257462193347
-1.0734870006479271
-5.079932960254474
-3.4858706203992496
-5.1636085544068875
-9.488491606795932
-7.140323340185553
-6.963046725290648
-6.114701087672815
-11.855827144261024
-7.307044025044479
-4.890045567561443
-6.239480468483822
-7.978073893901995
-10.041477433994014
-7.439305597168672
-0.7116784551514597
-4.043907167163686
-7.745620850486461
-8.2326917287868
-7.055146849459938
-3.8754666178062207
-8.057957065619824
-9.576211897564026
0.47415987247504976
-4.238051534274798
-6.667236936712881
-7.607297296523709
-7.271659649291453
-9.055631987941911
-10.811593243074178
-8.626609576040792
-4.4196234097845
-0.41010443740836955
-1.1286400798388732
-4.912680612872066
-2.57996930136398
-1.9206122347717693
-5.831701340218145
-9.042134904306568
-7.920562476231132
-3.756954423093456
-3.308973439879183
-7.078838950549684
-0.5849497658129783
-1.7689426066559113
-7.58661015155447
-9.985080214151722
-6.947364863282955
-8.261313774435685
-0.12525193111169752
-4.877925062520538
-9.04861584462461
-2.3371559778931075
-8.21455868936678
-2.4952719892289226
-7.788190061120501
-12.681612831043587
-10.423559803754078
-6.906697120992067
-9.590808583055694
-10.952006943298684
-3.021025688574711
-5.475258351062677
-9.412076157572606
-1.1787425598797574
-9.117038417613582
-4.902805357473753
-1.77756686392472
-3.481862388484486
-9.955274650540753
-13.288632062623265
-7.56257524107611
-12.328997792456718
-3.9048096524303295
-8.023841762976893
-9.471418335053336
-2.570097566784624
-2.1549044759841784
-8.184759184495089
-2.9502959136238536
-5.639976600779046
-7.462507237558258
-4.680552537902252
-6.1383028903099985
-2.1842514141615377
-7.916618654468713
-7.132010498475478
-10.03746434944625
-8.017599064184804
-1.179920326466525
-5.226923989972126
-6.0377205479634455
-5.435726295519163
-4.109034961670026
0.37469636887665203
-6.890218267688025
1.1607996830180385
-1.4259126159255286
-2.557874618005088
-9.15654058347836
-6.010711653175227
-8.736833643800676
-2.9558127988823575
-7.478054490363294
-5.752159917706713
-9.836385998397141
-9.716856525427392
-4.158165495227145
-8.348783337151646
-3.514792438150656
-2.8845936050013323
-7.063723759127348
-0.28350269659045857
-9.24530930048935
1.9670071762235724
-2.368481174601916
-5.970631540058117
-2.3745215445513326
-10.748218095990289
1.316512011604087
-8.30944794125163
-4.190933623634618
-2.161465948960911
-5.309655115100994
-6.617963136524798
-6.21396222981777
-4.944817089494374
-5.416250053200705
1.4493132141804006
-9.983186529245021
-12.298437688463473
-3.671481829605799
-4.616831091867777
4.955536890079977
-1.2505350707073601
-9.937298175531648
-7.899325132126191
-6.8801490223219375
1.2356626739707108
-8.261503070083705
-8.763121571567623
-5.2632828866087875
-3.474844360812856
-5.692459061900247
-6.6216409842009805
-9.203900342988783
-5.302528676955959
-6.44225870990151
-6.5358238312784325
-11.144048581073672
-8.298481469093545
-1.296312227996732
-5.817539530972566
-1.1850124675977822
-2.8484175874245077
-4.85088877167848
-4.5192032205721215
-2.7384508824730665
-3.228350311299418
-4.047667763217052
-2.9292723911044503
-5.843817802232382
-10.025401920564587
-4.937431866706712
0.296136417773627
2.813015445433682
-8.796123708969802
-7.117741793804881
-7.116317057126109
-10.682342106615888
0.2639852543347496
-2.1947638194132066
-10.275106578098887
-6.207813399755799
-6.804085980312632
-7.14155623763845
-7.804217066849183
-5.189234826106907
-8.00800568841968
-4.345354666804412
-0.8268408148497413
-2.162139250054512
-9.580448464088942
-2.565226542254604
-4.469068786415504
-7.7939928502778555
-0.3929664236505106
-6.876998591541709
-5.1211171465765295
-7.464940346484126
-3.5597176705906763
0.6892764083963767
-9.778760197233058
-0.5788961895725171
-6.83570429004575
-4.868951830546551
-5.898635200207777
-4.4101862155026685
2.1086317998224926
-4.612599295850091
-6.688190063228961
-8.535247310453265
-0.9229970501072549
-9.249340722867355
-3.8519345882632
-7.366965135470543
-6.872696687218806
-5.934674337207588
-1.0629706704151038
-4.52228013525164
-9.16398282117457
-8.53630811468052
-9.406167094444914
-7.789380105207251
-6.660368560520394
-5.063293982334371
-0.9330742755050521
-0.68684600728439
2.0303894275752734
-4.7535208489712195
-7.777810616190196
-6.381547347009266
-2.6366930741845094
-4.311894635200574
-7.019491316322479
-8.464146573822742
-6.411411472058783
-6.3779723463239515
-5.92196020089805
-2.504230564420063
-4.558394643788552
-3.7619425517027505
-3.6379048610702993
-5.902097580275407
-3.041375519279547
-10.238725515836805
-2.3219053430190053
-7.612062033698237
-4.393345877982806
-6.245273508335454
0.1657684825169321
-4.252552523324488
-8.514054020071484
-4.894250881873325
-2.9372912303170926
-3.9591632193906916
-8.386594995488657
-10.1924130771642
-8.405341735811675
-3.708594987316622
0.2361693962918432
-8.883737621560023
-10.393213670377204
-2.5829580177856064
-9.360456503112733
-7.647807657472636
-6.695935340252567
-5.033659031574529
-2.784248467044974
-4.735699721873755
-8.541137883944163
-5.863496063871831
-9.709972826364158
-4.350293376487513
-6.26238655917227
-3.7623552165220855
-5.136555402999616
-6.30007568774436
-2.8204558985636137
-1.159781228391597
-7.993135134713322
-7.885539428825617
-3.7994771130028466
-6.151088873978028
-4.718024407652936
-11.811244336903037
-3.7978123994630844
-1.726559889190022
-3.184777849304205
-11.306298568022125
-7.065524633083373
-6.973446080990466
-0.6006610923775009
-3.5486524071675394
-2.669252416643835
-6.905398569468199
-9.321823735871643
-2.628158054363265
-8.712243595660883
-3.9160203832647555
-5.716037875738356
-4.336822169071595
-3.205305265760019
-7.778358060481582
-10.379111986025322
-9.354430257693965
1.3643156200639064
-1.3465053058766978
-4.077169951245552
-9.150518702804806
-4.3114903562996885
-7.692999164136177
-2.384951237704348
-8.374940098915044
-8.365814192383471
-13.876025205573093
-5.17236987246783
-2.960126162909342
-5.864582982205232
-3.780895133850186
-4.852242765680129
-7.460953916751072
-1.4347908034471049
-8.739510040600766
-2.1584400051168524
-5.628798424756041
-5.51894188678608
-1.5875562001038999
-8.743402213147583
-7.281885244975139
-1.559722499564157
-1.9487162807725769
0.3337887365040997
-4.5625197954436665
-5.73526675752005
-9.641985408153317
-8.77186854808442
-7.795184169223682
0.42444839196091433
-5.669637312884386
-2.029667519455675
-4.279915516971374
-3.275772385498734
-5.850547029568999
-4.7363999782809225
-8.203093610129569
-4.814204957431378
-2.973605985697384
-4.255195956865109
-1.90431823054712
-7.802053574895553
-4.716256041886372
-5.390663471705482
-3.317760639465795
-3.668411504913336
-7.87639016433042
2.842664071356423
-5.194712295720453
-0.04419378285364317
-7.121752120749532
-10.55603081169815
-4.05790894455004
-9.01902823575308
-2.7558885532842434
-2.551136560681525
-2.7906014006217745
-8.442597119463079
-7.850660697331776
-3.308918987711773
-1.055237735363213
-10.560670520434908
-6.590507385457143
-9.85421115201369
-6.229059938948494
-11.520404699320064
-1.3982278570449216
-11.504292268369376
-7.367190047701949
-4.388452219707729
-6.5158778622969455
-7.6385552625848545
-1.2772360651790748
-10.595927624342316
-6.67249048057324
-1.5947679054722599
-4.4791411866121535
-6.5060556500876805
-7.329447186894932
-3.5111484891228546
-4.388885259283045
-5.912189118021227
-7.339499356105033
-5.421675499661372
-1.2545097049760043
-10.269603970391806
-7.197578737718076
-3.0093439720931654
-4.404533053160267
-4.284833351626948
-2.648351111424046
-6.211556808592561
-2.956188954795574
-8.652123582529919
-2.6403875442201246
-6.566711217545039
-3.7955150060678475
-0.35597699835467633
-2.3249376527703367
-7.819965039225375
-3.113961047359478
-13.850457597166564
-6.418969062402392
-4.561796922757234
-4.2766671402215755
-8.01332869889311
-2.4717029340239227
-10.380009578997637
-9.21305177653906
-13.087968192599572
-10.186929372292848
-9.71786943509601
-10.984690306577818
-9.58428058434448
-7.95394803947391
-9.077585007592191
-1.2240086236771273
-2.1225015687552995
-12.93446523224523
-5.175381503255676
-6.0960457221071245
-3.0229702667586613
2.5112511852214157
-1.2264142801568143
-1.7110351957444676
-4.140570884877637
-5.173418407852913
0.026338576931111746
-3.381509127836213
-2.8965250631824295
-9.314500438654996
-9.056463668050288
-0.5175200060118632
1.42043253172592
-4.257522792286776
-5.388661338258955
-3.919101894733029
-9.905750067262268
-1.2952438192258944
0.67197995642253
-2.6001020350983155
-6.259794047184894
-1.3262912022418822
-6.04040028769625
-4.285974459421835
-4.188203006671336
-6.037954957822886
-6.890872394878197
-6.3888207992452175
-10.473448531854991
-5.070382223097758
-1.074745924828961
-8.500621894803228
-11.206735568366195
-1.5524631478647875
-5.293823957951353
-13.05783158011424
-7.504668208732556
-2.7989113621993083
-7.322543381500984
-9.231537075707017
-7.108926463678665
-1.5446569606732927
-1.6842659418623072
1.2099695911803368
-1.9310024577656906
-7.7799585189055245
-1.7758889026032607
-6.4014487156713145
-4.802052292461975
-6.653426138817149
-2.709416969706605
-2.763615296674889
-1.2271572480106192
-6.984122889927801
-2.626235261987353
-12.295370271299966
0.9950394825030662
-4.686949439359689
-4.595310254225182
-12.374970582335227
-6.746491358969604
-3.149430043649041
-5.964545029349738
-4.062184699769005
0.07203531524249751
-1.3664717667633193
-3.0815762313267614
-3.6591830407053356
-7.6987194743493035
-3.8946078394172323
-3.763609255767199
-12.086740970083074
-6.094399908098616
-7.224598087652672
-5.256323725875049
-0.8410040178705094
-3.361318894088031
-8.785339647321017
1.5896069204068732
0.5472548314495258
-5.7046676591775265
-4.4010413565666715
-8.35304360873885
-8.239523017871011
-4.202566259084754
-1.990462779586232
-2.0565556790530666
-1.0050693193804312
-6.601714733747053
-7.4402825363240295
-5.928373442681241
-8.573514579970421
-0.5517041318480143
-4.037204754142916
-2.069925717683044
-4.960032875469894
-8.419471628122718
-4.896156812608434
-7.7332577688781985
-3.730011429448007
-2.2878735923851057
-4.14710983574479
-2.527541411479281
-12.618304478182878
-1.093389954778992
-7.273181145830846
-8.525171405805828
-5.138419234902762
-0.38593838165475436
0.5159920261671305
-2.8670427004026893
-6.02318552666111
-3.99587032984747
-7.229410976854566
-3.6378134133115747
-8.706805166027484
-5.17866028020419
-2.5844239793969583
-6.177006294398194
-1.9596336796973022
-6.469243335621541
-0.3600136039502386
-8.040311162322332
-10.51480388543401
-6.089929327335251
-8.58954652579666
-7.051492822452752
-7.059403786806958
-4.898729980614698
-1.4685529955688992
-2.1557573586402983
-1.86237448763202
-2.590586477925714
-0.06596689677450573
-5.884946812263338
-11.720418723469255
-9.361778182359231
-8.3873059902948
-6.871385657873737
-8.404452771377514
-7.376848882218588
-14.628645238702852
-1.824641198827834
-11.239352078784783
-8.323414385764384
3.2912869702904226
-9.824380259096824
-7.546711948753377
-3.0223267237875406
-6.724566906245395
-8.832064949614242
-4.687370107372586
-2.0285564079170895
-9.462888983040322
-1.3775082172274704
-9.63136233630534
-6.307344625290699
-6.412186357066935
-4.451298899078113
-4.632771932175839
-2.3488445076169553
0.9978448814128988
-4.3514756649916055
-1.3084731992410683
-8.492003238922976
-3.9392341283593675
-6.954060195112937
-7.345360347416817
-5.270110872589598
-6.855959286179782
-1.3789381555150513
-6.235963542970899
-0.7217610255867681
-11.842422354566821
-11.522722082336184
-2.8114195043048538
-4.026894560775627
-5.5937057341446375
-12.14866030604178
1.1770226152189798
-9.467951639351245
2.9300001943829956
-2.7612881231835145
-9.77687991031005
-5.9135198192908645
-9.252152332355754
-8.112167289669024
-3.8423321068076897
-5.956889541983954
-0.25076981036721424
-0.821361515870989
-1.0021002541462538
0.9311268932540857
-6.264976120565114
-8.419022515206727
-3.260981976837109
-12.023770096836664
-11.1762020287841
-2.641028345626622
-0.7504685168189988
-11.165182879954468
-12.618914164195496
-4.727380842376046
-6.74503028385898
2.671280147199746
-2.9103670615257604
-3.8156655557146397
-7.327783643999346
-2.4311680076499576
-3.1005595015454004
-7.340917891896409
-2.9406747367883623
-0.11959544078260098
-4.3218265704630445
-13.10434670215475
-14.528145794525745
-9.056990566927293
-13.733896832194606
-4.345232576732896
-5.172095931300329
-0.12884198779792388
-0.8645474145981886
-9.99253831420673
-8.764369238802932
-9.648659390520292
-2.9025365782747263
-4.655852977921284
-5.220824800912975
-4.7818916902270745
-2.7381153337118134
-10.156193298897422
-4.832834005555761
-5.333824785271169
-5.51403458345898
-5.430285542715221
-7.539154224844623
-11.006080777004673
-12.151478448693862
-2.7723602598821833
-7.660079198555791
-4.770122402528512
-5.1696602939982235
-3.4274068456876696
-5.021056871584546
-4.7756531424181
-4.688421392563473
-3.1422709765795167
-5.250834870600182
-8.99355519581612
-3.9543705510170097
-7.399402614283528
-0.10930820719282064
-2.6233931259328593
-5.395741128726823
-5.333723302270218
-5.254379579012698
-8.363263476241457
-8.24561876534603
-1.4285012483572972
-3.3126143286200405
1.610577355568231
-7.188097308473033
-5.962935305793983
-3.1755757146186747
-3.0619480325539747
-2.9757133803420333
0.27167932263541594
-3.383913940552488
-2.3377346648413146
-0.027942910733277593
-2.2251458950129352
-3.609912132390719
0.027028285232863603
-12.412959646943602
-3.419970550004769
-5.004548734807618
-4.681488837394467
-5.6124566476966375
-8.077614778026328
-2.672289198365773
-15.130396061815524
-5.349554781537343
-1.274411430940206
-7.852942737032023
2.4234867475927766
-10.989363642495622
-6.87312418941778
-6.946806906273582
-6.624822441961818
-10.825422144236423
4.958586237049492
-5.79337999669752
-3.7070780373740453
-9.498631496326741
-7.341833164178978
-0.8872341931753853
-5.424880443175392
-7.592138441488941
-3.9436656128582355
0.13358605144430502
-4.848178636983461
-6.033379410359241
-1.1013452290962524
-1.672147280769022
-8.109690137984362
-3.392589119941655
-4.20553120117414
-3.4764690753939567
-9.118308008503362
-5.310162776417294
-0.005161825296934985
-5.438062398110461
-4.714529774205558
-2.8019853796588494
-6.615381403227587
-6.751682857336945
-14.364627201203177
-8.194048945955956
-0.5018637950647493
-6.102084916460922
1.3275390673252776
-5.331396310922433
-7.839205269565277
-8.49441720873473
-3.8074925130858555
-8.387114533430395
-12.161853329594678
-3.71853037926608
-1.3035238016978044
-7.671980656152878
-2.8836161423615847
-6.422244534864617
-3.0151003262755287
-4.39760804453105
-2.263141541234673
-2.9564128606377826
-5.36679154612728
-0.992577608386763
-3.012452385563079
0.5700950219475187
-3.05272783297087
-5.746505671695547
-6.166003566714097
-7.6426623141565555
-3.2018986223933483
-9.137058012181484
-7.277244046057922
-3.1709437536555516
-7.723222001226495
-7.6938936748062
-9.36562381661965
-13.0742941559383
-8.513611594434998
-3.2030739771995647
-7.2506857260975375
-10.333682075817816
-1.526764709269119
-7.693055366421684
-6.475201972901466
-1.6288332826243765
-8.56019692932868
-4.86726169572595
-6.817195847345107
-3.723365696655647
-9.439057480282177
-7.054980421589668
-6.690039757145526
-7.416913275534717
-5.909780320512016
-6.977339049305514
-4.174088119607403
-0.8158788382070457
-6.872700978338336
-6.57335045057281
-11.594434836750729
-7.8541079866178904
-8.036599737629517
-10.794584290032123
-0.31593829537150153
-13.976735143619571
-3.9748600784750296
-10.748561427272598
-1.3134181338271533
-4.683533596267384
-2.509275129549252
-4.119032117114059
-6.280056908728155
-10.523644608503929
-10.956920361256005
-7.122989303365354
0.3375505177109419
-3.564687989088811
-2.602537108629125
-12.540201507294547
-3.272585255688155
-5.604208592222419
-4.353355441197304
-7.513474258322865
-5.935569641762904
-7.8846430716194975
-7.191319169520134
-1.3124283239492653
-6.95504324389566
1.5598093913753202
-5.624613002388416
-5.267017166853254
-3.0385550543643918
-10.130706359162044
-0.9748358032222075
-11.34226515616168
-4.141033287476811
-3.3611964929570917
-4.019108789677557
6.339408119324342
-2.952605402742087
-3.098250019005927
-8.586621264553322
-1.863251653292214
-10.047382407251416
-8.126049370082935
-8.176768363657004
-9.742857662855126
-2.8041089244643542
-0.6474750188954523
-2.486449688022428
-8.194201427582348
-5.585586540041285
-7.951744163310658
-6.085530874262027
-5.790295359027105
-11.157059766508393
-9.61719547512665
-2.741551657973633
-5.780422617744143
-10.595815650031433
-5.038214916700755
-7.507237650484125
-4.43688040113086
-7.695221150053747
-2.6788897868386945
-10.37662908725569
-6.030043160488854
-5.9212651183877645
-2.284791046648004
-6.909568893367207
-9.18696615422866
-11.19039127405204
-6.133787370864602
-6.718893223329634
-6.89271535878128
-7.002332404860431
-6.647032521746069
-6.796943984497429
0.5106375855324776
-2.2733593574103486
0.27121236168984186
-2.8359907523616124
-2.3039209683032764
-6.054395664585516
-9.168645886866646
-6.793522474888202
-4.249298932494434
-3.653873498501097
-10.260623830087649
-1.8368910607257716
-4.433297957434859
-0.6095375526131841
-4.4536598243118055
-1.3108663089933996
-3.1848053392427884
-5.818371389449742
-3.7396301381484394
-4.258960669326959
-6.6761923283441105
-1.8864988134200367
-8.659376461291735
-6.921046013115347
-5.505676005391744
-10.464872586882581
-7.381108145049573
-1.2302053673706128
-4.487865397041147
-3.965703721416774
-0.37113934684792227
-1.5343205760655527
-4.163106858120671
-5.466884384807118
-4.666841745867977
-4.622525210874397
-8.593161449061697
-2.373620617361726
-10.330008972567658
-4.555156441596208
-8.611105614356433
-1.3681258923392354
-6.900285614062242
-0.9595794632724814
-0.5184860147190387
-12.574728467976367
-5.801281744697284
-9.460225877201129
-9.625854228305979
-4.239246659816465
-0.7002240462158786
-7.232864788234891
-6.844560482912888
-3.1830161549806633
-6.251826715044966
-7.732025598105289
-5.751703051291961
-8.216956884511514
-4.345425152877563
-5.51310373073484
-7.841260535149877
-9.27807711845464
-7.911029392337194
-1.82913199212011
-10.323932682046134
-7.533460534512968
-3.4641001956143334
-11.663784284052785
-6.349460098845269
-4.490031202159566
-4.70610882982353
-4.238248538662524
-7.384332695556492
-6.926581537856043
-4.769885201461881
-11.148265962863121
-8.287276945653286
-8.395072230384066
-3.363374099192522
-9.83759416306097
-0.008230307120355995
-5.5212521117486375
-5.97227833223518
-4.092841602400599
-5.80175570258992
-6.412523519463455
-3.4755998924616742
-8.237032048590564
-6.357476748591897
-13.074364102881006
-8.228511266767342
-6.009820293790447
-6.2875483734602975
-2.969560992304345
-3.0082944222139476
-7.355388809909146
-3.691030685495778
-3.0179638953449017
-8.06051225081
-7.909254794582147
-7.268791433016408
0.6031938146088196
-8.459757608199237
-5.197443292129534
-5.263148008356436
-2.6033262385310527
-5.781959659708095
-6.230640564823227
-4.28689135917782
-6.342336181848368
-14.189201521499612
-7.468098251327244
-6.89013676763792
-0.05888403694469968
-9.200159619968579
-10.231744979573588
-3.0649993277172616
-6.689402621595933
-6.504803756234952
-3.9310661654460874
-5.534423344198203
-6.44235565066334
-0.36706633532608546
-6.534741564541823
-5.252412150168852
-14.653597803778055
-10.846250787700724
-4.509050462953339
-0.8400660201930057
-5.180601021454598
-6.373701417751115
0.3993753913268572
-4.855604542469045
-5.989950177383981
-9.860920559052204
-4.0919580010860725
-7.128417863850354
-6.826795326077252
-3.814438110701878
-4.1939753933694
-7.40812923819391
-5.398928760977927
-6.436288980128923
-4.912636727146692
-8.853468827718356
-1.8118887373916541
-10.330583858605024
-9.71784212636802
-2.80323443661512
-7.925125542062954
-2.070343809221187
-6.349596517437063
-7.088844552158879
-3.3025123526331805
-2.6220393917761617
-5.311932646800968
-5.087580333073183
-4.541026092763722
-5.184429226661144
-2.4220338415501734
-9.122969291016354
-6.982467343318182
-0.11152542517460429
-7.111661318759693
-5.814562223510766
-6.756689383923068
-4.013729337192898
-6.630424286236977
-5.214975109512934
-6.746853720650638
-7.533630187745355
-15.663052486443721
-5.11413818799386
-7.696946710426668
-6.356768840658758
-6.244680686016387
-5.623331422392644
-6.182856148261129
-0.7679602824416873
-2.9574748205936023
-5.304921573920573
-8.310722125278382
-2.837516191597352
-12.218613961236706
-7.546231449248186
-8.707569580230668
-8.12739727184098
-5.332325741443639
-1.4827889357250532
-7.619907928686228
-7.9081194346141235
-3.9298808930287725
-1.7384634727720067
-10.414290408320602
-7.615735884654054
-4.688485873519414
-9.46891973609026
-3.3017081257658107
-10.096860677407282
-11.650019452339961
-5.967229248791693
-8.02904619522899
-1.917384626660541
-6.206325611322813
-12.350594085111728
-7.647075318892926
-6.993052690533452
-8.073320643304054
-2.3909900483791517
-5.214771094581852
-3.558484525389458
-0.5183131580248803
-4.5243499560520695
-1.6903149723748934
-1.757326768025612
-5.480290419295005
-3.3747272323650916
-3.6935149708216803
-1.3450269989748191
-4.960581444288285
-11.717907516906276
-7.274559693458868
-3.9351102808601226
-5.472246861561358
-7.725313203147208
-2.0198113008847622
-4.835418918452539
-9.639637778929814
-7.200510547507618
-4.033673961075136
-2.2217387615753443
-0.8166665605206651
-9.987848644275882
-6.324947101668601
-2.10891589302316
-3.6724637870592955
-11.462313202811103
-11.175768918141113
-3.782950911929114
-6.808623995694169
-0.6492116375642558
-4.733857879714857
-10.614676714087796
-9.88281715704938
-4.035344981424583
-8.898589904309691
-2.3494379119508872
-2.771479927746781
-2.829420376017949
-8.325043672136832
-3.648299661853007
-6.7469763333313795
-5.4588055396390684
-4.056639192981405
-6.617635147275037
-4.562790846068316
-7.026927362770336
-7.3935384817224135
-11.838763401425481
-10.00186662293087
-3.1066741669034945
-6.16489904142023
-10.310994326018758
-4.1989298726492725
-11.902950440559067
-0.36576894284462735
-7.367503726515152
-7.798674314592353
-5.451591757392303
-4.673959800772195
-5.754059155348091
-6.552915611131051
-3.3666327675252345
2.205560230295948
-8.366587345001395
-2.0022055221290618
-4.321069371057009
-7.502022155764813
-9.377538203400565
-9.340470605766296
-11.062110505602774
-7.624402281581997
-6.770824676087028
-5.633919587982371
-4.3617003784826585
-9.585697198674755
-4.02030540613629
0.11888629616446877
-3.871286448908065
-6.8093407245498545
-5.072299509988284
-5.752477304682362
-5.050164109103746
-3.44509024556342
-6.318531070739878
-7.728684074875722
-2.0313918059828078
-4.358854861836513
-4.4232106706734795
-10.308077661882024
-4.578080509246514
-7.19766365557767
0.6520244805027602
-2.117169070179501
-3.519362834618229
-8.427608377661937
-4.505744101654357
-3.4618293737754735
-4.4244660324640375
0.5921483105045748
-7.7375522448735685
-1.0261083090018763
-3.7845392449870445
-0.038825007184486005
-6.500612191558722
-6.442325619898763
-6.1054345557727805
-9.022380622191285
-11.43037885387043
1.5076344868996197
-11.411586394766271
0.021244323998161896
0.9279884773907936
-7.86818099885889
-9.598105655974546
-4.856488391468745
-4.951694764106818
-4.5835885104017775
-1.8909182090294863
-3.6362515851728863
-3.5076457904239833
-5.8561991914891705
-5.091640192586392
-10.76380797104057
-7.683599810901252
-3.2312589771725717
-4.4088059290287225
-4.742029449137619
-4.260850650155851
-6.43695377445476
-0.8054818416450162
-0.6178072543766895
-11.793632342420814
-4.697045696422623
-7.901172946989658
-7.288688794902721
-6.915059095051222
0.39200108794026267
-3.5785056552032932
-3.148438338116101
-11.305334720955091
-5.4512609782385715
-9.283576402558989
-4.214622453954203
-0.9944953066643611
-6.384382996079178
-7.50039139713896
-8.467302948034199
-2.7485721197180224
-2.1397491151565724
-8.611746298820062
-4.602362749712927
-1.1983667934857953
-4.425234307287105
-5.200971311146922
-7.5150463532661
-11.30329056250407
-5.105808540299978
-4.777208495720492
-6.350162986402963
-6.01969756306049
-11.38136532301119
-3.321901475931785
-8.189477446327256
-6.114872212474196
-6.729785531152216
-4.268761873492415
-6.943460556329444
0.6577928546277265
-2.641097852383554
-8.047418265720928
-3.649511582114079
-4.966002904952188
-2.671949268707844
-5.573740014597841
-2.8016427734259244
-1.795974977114425
-0.5993145243860303
-10.951004839675374
-11.240279108659536
-5.135548796301147
-3.927571555238827
-7.808295827840946
-5.563730406881625
-6.059431211465504
-1.9402227721713858
-5.254099595369165
-5.924611214941218
-1.9911624090242581
1.092490906867325
-6.017448091547222
-3.7710566738880216
-2.007068011281249
-4.770723666303322
-11.921140522112761
-8.127154088569878
-5.973220394778875
-4.7844354421545345
-3.401766634652165
-6.054420471202493
-4.408505793515471
-8.883789595270645
-7.290791287333781
-2.6024653411232723
-5.069092895472177
-8.23044667907633
-4.214766599504272
-5.863763800182527
-4.100312442426408
-1.7695987653049903
-5.805092811333968
-3.397413121657462
-5.7751949584548266
-2.271787345653325
-8.558398651056422
-6.4282948621068625
-8.990996087582683
-6.572788528768384
-5.314685896190842
-8.277751354712258
-2.8589201468976837
-0.5237835528273926
-13.578387117665564
-6.517455527759286
-3.3553633996581906
-4.025097206479564
-11.043152201053822
-10.456922127308825
-1.7611757692687275
-6.860816238903647
-7.219060322313692
-5.610944547402668
-6.853376791461111
-6.4807543316578355
-2.732391616862424
2.5773385418696906
-2.596559328083777
-3.1001356133309717
-4.759219395019756
-7.648479987509478
-4.587816899422581
-6.870795477444967
-10.186824128394449
-5.472039302605057
-4.952047533507539
-6.225676490392558
-7.703537119240848
-6.027719244318569
-3.0962239866596617
1.12379490348117
-4.391597227829577
-4.828200465591684
-1.3757667182634625
-5.283041637523637
-2.8370266664660413
-10.732950260561218
-4.005695453250811
-3.561303787510192
-3.085184289147821
-12.964478153509889
-7.2278411963694165
-12.62636430897238
-10.438965688643027
-4.0041954356676595
-7.323130145491425
-6.695809057263194
-5.391429184849298
-5.5606448602578125
-4.756748197128675
-7.8018717639371
-3.548058651794911
-7.1308776498948685
-6.7122725581911125
-7.6466237055549895
-7.913647381724052
-5.312646391693106
-8.328553288798414
-8.09462773301189
-2.410115297656611
-3.0231188823709347
-13.438144400821116
-6.871756041717175
-3.0352364552493674
-6.046683466367588
-10.257271414211537
-7.143979328482371
-3.3678032092413464
-7.657839217859448
-4.85048330957481
-6.6726363805443105
-4.5037360854588036
-5.041800012577821
-7.930255478834658
-4.6766731458859345
-10.055582369374594
-9.547328747790562
-8.541532679902673
-3.0653337280053803
-5.951834819930811
-6.029133990257082
-2.1013182323050676
-9.273409371912958
-1.3425323586824307
-7.7395357580893185
-6.361780723694728
-3.8680835860147935
-1.9400407389767507
6.510180405158207
-4.1298904529094544
-3.8655524683944487
-9.38880629849944
-8.737446805903673
-6.333809886683565
-3.7781567527146818
-7.7183592835956025
-8.827493931065874
-1.7856552896245281
-2.851187131679249
-8.072643156236488
-3.895358896976748
-8.660824319799264
-6.636124787672809
-7.7466461488450635
-10.782688521793851
-4.365161472884263
0.8865002425856128
-9.378400448683212
-7.163360404298826
-4.910044984430063
-2.992129075798686
-7.899015159915666
-9.209633082117756
-11.49961400487381
-2.5556064163530525
-8.810218064083337
-1.251014137202497
-6.38835436609937
-7.413237172754194
-4.897121129401434
-2.980395504486446
-9.133937113400162
-9.920779498949113
-7.134694705874541
-10.571053691933976
-5.0480130104674705
-2.947285589721219
-4.640277735357673
-3.26731223025575
-2.744594583993621
-0.5810861532811122
1.3466323689847295
-2.2584948222508476
-5.233339637138479
-10.819735519283277
-10.20600508699789
-2.642218121086189
-7.739788723686558
-10.232485566089945
-2.524079309995048
-12.132654030936646
1.3807345796208965
-6.792931713660228
-9.270947135460847
-5.804555308844553
0.21720895339476076
-6.4745779114517745
-6.930562598086111
-7.12889316678272
-5.709791569091194
-4.900872633660004
-7.585183762823157
-9.85245225851412
-6.017561053051957
-13.742345266006204
-4.586427555752926
-6.521586810713754
-5.770611921528799
-3.8551653662931296
-4.225414932287006
-2.0478537811567055
-5.349206658724504
-2.3306799581738167
-9.838232057761381
-1.1191241644816818
-4.58773843426894
-7.415195021735399
-11.202599238598385
-3.244926263735432
-4.581489119498446
-2.4753609189637364
-6.324236280263562
-7.87888758175428
-2.524349889534199
-5.915027680549293
-3.2424040362848663
-5.436921716599765
-6.571001648773922
-0.2024903821566708
-5.884930093679517
-4.313888990133979
-3.1433690075135834
-6.389813843729609
-11.291300654999425
-4.575545871317302
-5.587339391098433
-7.719118791287975
-7.138460895538041
-7.670778360133654
-2.9299527439335935
-8.216984253406231
-0.26904501165993455
-8.841192851877768
-7.452326765866032
-11.203381895317023
-12.061300616137181
-4.405316475190455
-1.4676222833438866
-13.817670970037156
-7.940188164964538
-8.752677086617004
-3.9539259781350165
-10.632516086374157
-3.603098811623534
0.08319862498053698
-6.977618774515046
-3.9185745640835306
-6.739953647198818
-8.438824111148005
-2.228614506178417
-6.21571500343559
-8.270053383636336
-10.081833055223733
-6.375969746713685
