-255.36069408342257
-690.4026891018756
247.59098911632452
-62.78969260685983
709.7249102523482
-1154.945234285633
192.5018085844839
227.59343529454043
-1438.4139913810209
-591.6147641789754
-886.0838719491884
-586.978922401203
-668.7675501651248
-1517.4342682487281
-480.8540873803969
-812.8751504662372
-565.2778006010222
-1115.3256863268844
601.0175012837325
-1364.272337455971
272.9646552556777
701.7423148088795
127.27812496268223
-1617.2302683458884
-1255.0871013216956
-841.5231254628644
-1198.6215442313537
-1942.3127529270132
-748.1369621113528
655.3045234807649
62.290087271987886
-848.5052693129875
317.6533079434238
-1474.0203488367815
-685.6167549573535
-122.4049479373557
-824.5245704552455
-1441.365595714512
-1685.320742159291
-500.2644194793412
-79.39568751514173
-1809.723373978084
-467.02873461010597
-1359.096173911953
-991.0754792316858
-1298.091244407979
-771.9290186388245
-1636.9229261789064
42.95583884963605
-423.78571022634685
-899.0874005235174
-295.9925734858758
-324.9899165718426
-768.0744340853654
-581.3196479063931
-1084.54910811111
-881.6206743422449
-199.5188901739633
-1109.6812804624042
-1149.0394081412728
-3023.8755813445177
-904.5265201666967
-1429.1125343907106
-510.5965716709917
-225.2812368874371
-116.33285484777537
107.37469227577174
-723.3482364703588
-420.55140237818716
-1910.3624743536388
-1814.2446687231754
-1688.8372011180904
-102.50781748599286
-633.5440480912067
289.5761441568069
-1249.23440359787
-549.3756490877432
-259.483977152228
-822.4057585844531
-1361.4313000350935
-250.0177428121998
-1344.7587742554551
768.592220378788
327.3827638890042
-240.84505470202214
1664.307568612382
725.9965142343516
-1694.814431896296
-1784.4800232144908
710.4118931188112
-1074.9230643661626
367.07309672526196
-762.0938297497229
625.6555552789604
-1430.6682632058037
-1166.0836071344297
-1738.9077414613753
313.2245470241677
-1019.3443112893193
-1757.120063711288
-354.18304891955734
-628.5983369820079
-1154.5954211458957
385.29278819842136
-283.2213653734108
-731.2398560980138
-1417.0115744141144
-2301.659462090868
-251.29533629848004
-298.98790538645255
-1136.3871619816355
-1317.3936133216757
-856.4475846239321
439.0015598800718
21.08596693366883
545.6249928755332
-747.6487486423395
-1982.2972008453962
-387.5871792124982
-417.448824807857
-1370.8042945716788
-1878.0539905978576
-1333.0790014208765
-27.89989796366001
-456.52725156019017
-263.64018548652
-224.5634019245473
-785.8193300297963
-339.8380298315225
-1592.274910987519
65.43307968651277
178.55278184795986
-2103.552776677759
-551.3605360864146
-2.8578132440662785
203.69526591878218
47.156362041950956
-607.3823565963804
-370.85921688857354
-762.4367726155334
143.56915848138658
-1123.5456350788618
70.51644814292786
-1609.3427514719688
1743.1023973492784
-283.5402119022393
-68.46597213276357
-1096.3145942282827
93.0016725508384
-345.0864901402091
912.0473797626149
-274.61218744829887
676.097249906048
-4.535443681710717
-292.15556166561515
629.5942817203276
-1142.851423492828
-1067.7390019116738
1073.1259448547526
-134.3391210862461
-1052.4744537504153
-357.0327282831705
253.75484510896501
-2373.3193437427176
-1621.4193402480696
212.26460806094553
-1049.776469665493
155.81287694735772
-808.2259018723681
-639.0093225690183
-1059.4281003596498
-1635.2981874955185
-358.4027529260567
64.96160751345121
-294.16248504251246
-1045.0516934829384
-995.8785812320767
301.70905933062375
-2041.7851072889325
-1546.8253396946634
-235.83347480175655
-835.7099362952005
-174.0661403508758
-269.2452301667955
-977.5997486632142
-3030.584233961292
-2822.9275660563026
-874.1798192494647
-199.38524136072886
-682.4379022525055
-30.733959543594324
-928.618518937879
-1897.924361302088
1084.815599456384
-712.4102883805195
-955.4772840539792
-635.418545194737
-1207.2369474313746
180.11328206681617
-807.1918414698094
-92.43079342833596
-368.2551834936081
-1952.6894900948955
-582.6156311904798
-754.4209776861709
-774.9486151570901
-1192.0680982912565
864.2060313928549
-750.097254622158
-620.2865932525406
-866.1857398136154
-1576.7344036393465
-1285.4787706871025
-1121.8992239758882
-422.2162252139916
1250.8704818785122
-447.76061939762076
-1256.9661887856819
1570.7517955422236
-548.0229895011005
-1840.8464449779685
-894.1164474915821
-1881.053688717354
-92.74405333228299
-46.62002507190857
-312.8164306435518
-771.6536687171384
-1154.0413403592183
-565.4423757948827
464.8881159147421
-1797.6533558710435
-294.5625945169992
-169.75752763870025
422.4694781180332
202.93341607895024
-551.8087744310216
-1544.3493910901843
-1778.19923054415
-786.8798198201363
-2278.278892508795
58.68063540252467
-381.7662593596136
-704.7302122075554
-1242.1842132914776
257.06531493826344
-1721.09369799469
-292.7624340500962
-1456.2913627280832
-639.0237761389709
-1382.1905236877637
-191.2770203830347
-1117.4047928798377
-1213.5187213157706
-1119.0398605814994
1053.3148387998494
-163.13207212550026
-762.3591283358556
-1012.9677808545704
-1997.1795543654944
-169.8957255297929
-464.4642296164649
14.908130585720187
-386.5410170437391
-1005.0778932439953
-112.80924123041325
-1797.127919398266
-344.3118592997786
722.5253420154153
-1336.3111250563588
278.67972114050906
-1482.6059497592696
-1635.1231826170015
-679.6328255704731
-725.614425974864
-799.7645096106231
-1455.8773176996147
-761.7382896693013
-2353.7807794675755
-1428.5324290159033
471.71892800460125
-125.03336274043374
-1022.6567510627211
-242.2487031118677
164.17716495263528
-1633.0133457183351
-288.5265066174039
-628.0338960044638
-459.49710766534656
328.7920992342232
-93.20114665732137
-523.2866394899539
-2060.899257845089
-1046.787166389101
-111.46400560070754
-491.4774775117445
-975.5714036932706
-274.3438129278892
-427.7066157230007
-1016.809897259264
1006.0062850558903
301.6138882976064
-222.34246341624487
-722.0140475795087
-1657.9419270951594
-1899.1694144550438
-1768.0435437425103
-318.0070828022664
-755.0224495735966
-1624.3754580526233
347.72619702621216
-817.1553886951974
-301.1270525548035
381.8737693957754
-232.29380129099638
-1413.1186064243584
-1335.7519162053532
-1090.398345347398
279.88195827860807
-611.5077510447977
-448.2865191482497
-106.57600439935698
-176.39987982102514
66.35732016440625
-1243.1047467764438
-674.280421140703
-1475.4499378215392
-2047.0795101696444
-217.53677354967397
-654.6626749924582
-1718.776218153801
-563.2356821602604
69.78376268478758
-569.201191394992
-498.0241796961128
-1717.7893752843474
-1158.5051021792979
107.20752127954518
468.30710515010276
-621.4004069920048
-975.7124919141344
-184.2666939246693
-1085.9145665018896
182.08204029914566
-1906.9483852619242
-1202.2794932566117
-2192.3591436040915
-2463.4837400940805
-1476.7077797218585
-2280.320663852235
-559.8357707252372
-877.746957938649
-661.3508990018355
-135.38395442542617
57.55807284403534
1278.5258834326069
-1129.572356509052
-949.1154070472104
-1212.7208724464194
-1851.3510960596168
133.3840774030367
999.9907784751139
-810.0537599297475
-881.3325310419051
-318.57470306907055
-292.8406851938899
-492.04170406876995
-1596.6761756672363
-413.4948911143466
259.88430714640947
-2504.065956140972
-74.4405427294829
-1454.1262719023462
-457.6338148547658
970.2922729676123
-958.4336528833426
-653.7219515962339
-429.2108185119056
-1766.0767496790304
-793.5760304556701
-1383.0589300357788
-1214.40920083543
-1816.1527486144232
-403.02294048325086
-1322.1292186308183
-22.157796701558482
-991.9748112608514
56.7184940812175
-2089.964413522942
344.4929043592373
-1140.133429207538
-255.33300334392754
-1233.7125827193913
-966.4008031529294
-810.4690225077385
-109.13529541441005
-620.0878458098492
-657.3712854300294
-1091.8941368103506
-1117.8574249626836
-635.7908012976142
-1273.755986108842
-814.529810202761
-1134.2258322063808
-643.1866650490102
-683.3212863491491
-957.7167903250903
-1152.3762584993474
-1964.4911303261933
-1578.8902115758563
-1158.4894174873134
-377.16072248735884
-773.5116486490525
-435.3316799421833
-31.038296357752074
260.9064830411397
-1122.8374319614877
-577.6635663070166
-246.37452142358995
-1209.726070422409
-233.83405313602736
-883.5555478629586
-127.95006334084758
129.8226828056603
-670.3349681945152
149.36054225401074
-579.472209580298
29.83129852899208
-813.4103124411841
-1672.5619201632594
-239.67281999120667
-108.39629847390427
-700.5234541262536
992.4593792810127
-1154.0438872630098
-460.73509930178545
156.45920477206698
-929.5194928082466
-904.5442354116279
-557.2067796613975
-322.9347727054695
-268.94110996799543
-677.3471456404669
-1067.8193706452105
-1079.7883398486538
-650.2629416894243
181.05956191828295
-1371.667029795065
59.67242596839867
-1320.0005713065966
-1014.0380657559292
-1909.93490367702
-1066.3009099747824
-1470.5571348117328
231.84771227699423
-807.6953850361277
-447.3964516006664
-1906.736025916121
453.3373577103165
-887.7658867936485
-5.890583665530585
-410.1180377953689
-1249.0758948790835
-1423.6035066381046
-310.29712854631055
-1258.7225342754964
2252.646252294594
153.92201499015653
-1613.0369989297087
-44.534778253834816
177.77910845291683
277.95238888307983
-150.4190512090064
138.07124317103614
356.03250542187914
280.0891929374128
195.6262179021677
-1182.0366507436056
-463.0161549884707
-951.8907274365639
200.93198171347728
-1375.2758175424851
-1035.369223103302
-1892.0692177130177
137.6561096576371
376.37723466633986
-723.4939678631537
-259.179997675502
-556.7145013252299
-1665.8461465693558
-1126.3677559503913
-1082.095111356236
-857.4314873886836
-2142.0840606169404
-1099.2755904324786
-438.40422753284577
-957.864085979711
-1394.2444213459949
-1856.5511895351042
-1343.0801562756096
459.6736425714938
-211.54159971017555
-1278.8453676331487
-1437.8627099258565
-1144.0439482368697
-386.8901734466714
-1301.7415233547986
-1772.8380829593762
761.3405339688214
-417.02953352419
-1012.1922169194187
-1159.183879199304
-967.2591151234211
-1594.5804097222017
-2093.2195192791432
-1483.092677117655
-464.43454152485924
477.5327920487965
284.4334222412298
-587.3942861037204
139.847421828218
103.6953621849708
-927.2397447300183
-1830.3747520405623
-1392.653193269478
-214.91004512287793
-291.6968515503878
-1112.4778861984405
541.9822447674159
37.05006440642762
-1154.1975453311497
-1865.9375296454828
-1023.3567984324983
-1268.38244679149
562.0650176048197
-605.5922380219291
-1651.2074934217658
4.299146584951927
-1411.893043376435
-61.225114331898226
-1264.327302316211
-2389.564018248204
-1959.4614829133143
-1161.7050054995907
-1551.730560095849
-2105.8097890857084
-242.8695514050911
-686.0868973552853
-1847.75289726529
401.92247262948956
-1569.5866440945174
-483.9460950123705
225.90268693854716
-281.2920481643497
-1795.6391662575143
-2554.056462279078
-1133.920047105329
-2349.8497167242485
-347.19112375295276
-1348.747255734561
-1798.4736671301803
107.54930548542586
68.67726339526928
-1443.584092835482
-187.0437242502877
-783.1384414462419
-1172.4050852311789
-561.3264776350012
-803.3358307404789
183.44012495881282
-1269.5644696485847
-1138.1429822992882
-1978.3425177200634
-1350.4816706569695
464.7336915591012
-549.0805004668692
-910.1336362084566
-757.8131818585017
-471.81299590920764
706.5338149649052
-1011.3324403207663
742.336888883391
364.0861995625936
-55.61077694052722
-1538.0289230524718
-861.9868424438965
-1531.7455708506445
-23.289677589743746
-1255.4266361797954
-818.4610753177209
-2026.9196626390103
-1786.5382932461062
-234.61499306766348
-1419.0903332239168
-238.74566446553138
-86.7098173353562
-1051.3204379900626
492.2588201554785
-1522.619498825603
1026.3420917837902
118.77000098218957
-1021.6068102968467
-17.630840315693263
-1885.7753700164258
1076.8810324917063
-1388.159542190805
-371.4319821299001
59.253218819788
-893.0675041043643
-854.8182185926128
-828.9653958859891
-659.5786345217595
-816.6466726027303
1077.7790507280788
-1816.488633589911
-2348.446732973648
-201.35029536169588
-390.2854663118695
1769.538939851751
415.8123478325168
-1758.937767146631
-1313.0558133471495
-1142.9253946138178
826.9966674667345
-1473.8556043592057
-1502.4149851255916
-670.0442228777703
-304.77472666372967
-710.8933335818448
-1079.6520853335805
-1555.9148776919196
-681.2217261149614
-916.5845122987339
-955.2107249724887
-2124.426894505926
-1343.0384482394752
272.37355912702935
-871.1018229674465
311.50690620906937
-101.18745437772225
-374.9887652925819
-580.9761963330583
-93.35471607939064
-168.47004901877528
-446.00940363270377
-91.17980714988528
-915.7737910155894
-1749.6935717586684
-530.6830608511956
652.3851401683204
1383.5172494500566
-1444.1628402866443
-1258.2644904747003
-1168.0407298305604
-1912.871282141461
696.8359458559725
199.70608996264957
-1947.9430727371414
-970.3132302130599
-988.6522848182468
-1212.1014531634446
-1355.967896156355
-666.5240519980927
-1414.9871895368624
-494.10119706923683
311.163815581191
12.713853204961538
-1676.5088568541755
114.2248407671276
-635.4244184499595
-1324.8722024953013
509.8239156075937
-1294.5433499130058
-759.8064288311899
-1175.569881899839
-277.45116036218985
805.962357947239
-1890.9138181052795
548.8261235341814
-896.8359844248508
-547.7584169447456
-918.7127471774298
-449.28323371025556
1171.0879417773435
-389.6408877665
-929.5459382702858
-1584.897707133753
496.47386110373634
-1672.2448219644857
-381.6212119279785
-1026.4299350262072
-1008.3253853754819
-831.8078213750797
413.7855948972855
-611.8282856158668
-1679.3191127997325
-1353.443526931068
-1721.3097374798322
-1348.2382966955402
-1149.952463752803
-573.8257915831847
339.0250560534213
339.74657015122636
1027.070170896292
-432.81253283329454
-1184.855537181532
-844.5260723004095
109.77079140052217
-398.53719702871706
-981.8835699590992
-1471.7116452584587
-857.3743588145527
-821.2303351848942
-910.1471787435772
-125.90161573214925
-414.2085302872721
-270.8583082659053
-313.67315174171665
-838.8593591114274
-125.11217137449432
-1903.236501415257
48.0374299915087
-1242.4562826399087
-429.1679934601192
-929.6610218376624
506.5713582633424
-549.2537521568175
-1491.2186268623536
-393.4152160648674
30.8327022889315
-460.66040935346757
-1474.0831371459844
-1881.1349647635807
-1374.0781011330887
-317.3923323984428
750.6109765313221
-1645.0169084496256
-1821.1337580553313
49.36907246156795
-1736.9383666698027
-1183.2802834839285
-1080.5223865765865
-605.7007217267866
49.86164740351967
-504.3231697325134
-1605.3717004652244
-832.3691535973136
-1812.9054657902539
-347.93362725788904
-949.475579081508
-163.08823200346114
-437.1589602934574
-1048.9457435956438
-127.15790579798033
414.8625160922992
-1297.5679710340473
-1212.1753209257558
-323.7056992293934
-851.8527145639501
-529.2771933923464
-2462.575443950881
-298.4625246911993
144.71833340065984
-175.0076619758712
-2168.0627849408884
-977.0594062313927
-1053.6706655895377
561.1048533188085
-298.16216982892445
115.4901787546886
-1155.7537240943634
-1730.5561284270207
27.840626949306625
-1576.727878986213
-398.39271605307874
-808.9705484690131
-445.52655110328044
-106.13803956174274
-1344.262266956745
-2001.638521024127
-1752.2965391891305
941.9620977250332
177.03194606625073
-333.6235731180178
-1634.386281273697
-372.3326870734396
-1251.4337885179052
195.87910490128831
-1424.252537487681
-1519.6072134656279
-2728.253053909023
-680.3339325756234
-21.490996946146993
-926.7432667020768
-201.6591642875229
-720.0074923796438
-1142.0968125426662
290.8400681912266
-1593.5835597989953
185.91235482750392
-761.6764077496647
-633.2048065144519
352.94478450475106
-1522.9363587091561
-1241.4362195089943
243.4886859609586
143.31667254443335
803.0976629251794
-389.70483890816394
-875.2703451812059
-1833.9801769017427
-1595.387623150003
-1306.0217202234244
722.3597572689495
-811.3304401287647
137.75249994127932
-264.39499808965513
-188.13989012956438
-677.8021017338134
-601.1664536629461
-1355.2493117943004
-595.5275844852009
-124.9006526365946
-573.8377368212942
140.91097388195146
-1250.8281595104718
-466.78710513865815
-758.386398208207
-101.6765449388796
-254.73485526321394
-1317.168529533812
1326.3385089436288
-712.6027404875432
580.0974683362389
-1091.0898949472908
-2011.7172892840317
-299.46325732502385
-1782.2486863665322
-42.07910811821728
30.832519281784585
-56.13005063156049
-1470.3142906552575
-1348.0903421293124
-162.6561481019172
550.8999933806725
-1862.667512385935
-1079.3097379352653
-1729.983416492812
-870.3118495626328
-2206.7571385418214
415.481264832575
-2328.1025803274524
-1220.1400248993687
-523.6022480209496
-1151.7781326440527
-1289.1610303026018
278.77411278506327
-2048.2896361893518
-1047.3231572808804
125.70450094469231
-465.1927298644739
-885.6515420643647
-1243.2128112449582
-168.52998634786172
-500.16025053035344
-839.6120270058449
-1264.6720138298651
-615.1146055950709
386.2346866222689
-1982.9371761010525
-1068.4581243614648
-136.93171854589593
-508.9057928820713
-497.70091740229157
-140.61704450565696
-803.1795533582059
-168.9036189849486
-1550.461124898613
-120.40590892446119
-979.2648997660335
-382.0366728177697
609.0937713114471
88.94908105028378
-1244.6680525308957
-147.5561597558775
-2713.081589064744
-921.5704225452756
-393.20731335415087
-514.3389950731686
-1288.22697854732
-36.985725575101355
-1989.6361938121354
-1655.4586621757971
-2526.6654744779617
-1920.3247904228688
-1927.6939691914959
-1870.0194603530517
-1835.5735844804467
-1398.902394289119
-1330.9276955525193
319.5103331018621
49.33092906873742
-2413.153901970262
-641.2080059590638
-859.9172867679953
-37.49053169894262
1285.6983288722886
213.541848080671
136.6293829417608
-333.7410841316715
-559.0117129992797
583.8583490974205
-242.09667037843258
51.3460320908124
-1800.7357672560784
-1570.5851150753333
571.8724981530185
887.8910081033408
-382.73220995249414
-737.2153908353517
-348.50041709671166
-1879.0258615053563
383.53955622345427
778.3952902300797
9.042876530950707
-968.2000026288213
407.302180759675
-860.1293948484789
-451.1738027508544
-397.63821455327445
-775.2157236848317
-957.6804161278188
-1047.3656753847258
-1807.4136587190446
-598.3198023678207
325.8638883876557
-1400.111854819349
-2082.4278305876223
295.6134881053648
-570.8047401560044
-2516.9332139630797
-1216.5647047171756
42.165110459651146
-1185.9189321916124
-1471.31816981483
-1169.8333937591624
337.4539906277986
182.97796460059328
951.2504344451071
155.01312131173825
-1335.2549592157466
159.54277298224304
-1003.6659844635013
-430.5020304062765
-1045.7529906949876
-12.952183358324078
-15.076160355068055
448.86427262391487
-1200.7115226427763
14.693900889215797
-2394.7498402570645
894.2232683520343
-421.7306681953279
-431.9721183716223
-2216.8982776301955
-1028.1760790988674
-137.65656202851733
-948.6161142561283
-187.09739365861708
668.9549521942243
279.99203852098606
-70.1528048456995
-300.8745830820727
-1207.829446316799
-280.7769067920045
-231.20904534047725
-2400.103900910561
-840.7086396831143
-1204.3848228802453
-638.382193463318
346.89082504895157
-124.66542184564776
-1572.104222453855
990.2879604210074
773.8890646441895
-862.354633884581
-418.1156851764084
-1579.8419969908382
-1399.1359443773126
-358.8192096636959
243.5674427038565
151.15264630532818
362.2179895581611
-973.6045546777569
-1105.0289514596411
-740.4159045519117
-1503.9787704650012
439.3199645535718
-320.24815923099726
58.959268835253965
-588.145097454059
-1444.4086283134707
-545.1391279014889
-1279.9748977447698
-347.96977064706124
136.33500515644494
-343.7871287128005
-137.62165101972107
-2478.340882676256
405.23531571956516
-1120.0107301704252
-1520.9402109922821
-548.6844289389384
445.83391358998495
900.3712993458247
-3.4251030982569546
-925.2839458852369
-279.8707846515782
-1229.3876914242092
-355.8448498685692
-1484.294091511852
-425.02881601059573
20.82400024456672
-934.002550378642
88.55154507903069
-878.6032775602135
443.4288619299963
-1332.8646331387654
-2042.1074508519068
-795.154312389037
-1523.9621693358058
-1200.3740661305392
-1058.3633236673554
-524.1840055085878
290.84046959139766
149.28200030637333
171.15030160456706
70.22849878441855
589.604532304519
-752.3296188458659
-2321.856843186225
-1557.240978500021
-1499.373293550103
-1065.5675058002298
-1327.6307774149764
-1072.1062202056728
-2942.0221191076134
146.21781959205407
-2259.760808928393
-1372.4878786012118
1240.1300309185872
-1825.071013295044
-1220.4166408197798
-23.552360329832595
-993.9731426130858
-1218.6608179391615
-563.8961906701333
28.339387743294424
-1556.0424225520555
279.9920545198055
-1782.5253495439874
-863.1595118106254
-965.3978429033842
-391.90402353068237
-471.7982705860714
92.0128573873435
815.4051706132726
-429.30587312902276
193.28429122872433
-1378.0528112770216
-293.0603014064478
-1070.2986783441638
-1237.444208128497
-575.5390541841563
-1104.1605202296623
287.35078536913636
-810.679268934031
452.277902621989
-2350.058522292271
-2208.9179275381885
-41.76772100488813
-383.9400499861068
-692.7391805724197
-2353.4263597799927
864.97111757756
-1690.9647202735482
1354.0053841222662
-175.85673753642925
-1937.9155661315149
-790.127898920574
-1653.451115798297
-1355.6885818828077
-384.53858778772565
-891.9215453318221
521.1562127025067
577.7775877545436
368.6109123449029
749.9528900386885
-832.711758813218
-1416.5402147017226
-93.84324643157663
-2414.192721463345
-1990.9129559855064
62.54645710100601
488.55598720926207
-2083.4113982050667
-2502.830020348442
-535.018828553956
-1014.7537723837
1335.7397780090232
-65.77088409567125
-423.33621029957527
-1012.8816327126098
-23.096576096046306
-279.7457764543825
-1051.4228916101156
1.233819626880063
595.6555068441975
-394.6848412620101
-2713.3866428605934
-2891.498387934534
-1585.4552963195797
-2630.97358249658
-477.91237520485095
-614.7324945023535
702.8504135665879
486.8623168172388
-1710.5777653519053
-1532.7473857757955
-1633.4833163227927
-167.71342525203283
-587.3438294577774
-673.1681448892825
-399.6395655993066
11.23192723109321
-1782.5801688751849
-528.4638735376603
-674.6585348112911
-711.2930093145147
-624.7002655052366
-1126.1951437122639
-2118.172072942113
-2374.5913176184804
32.9788126959437
-1197.2014617574068
-487.4613618625891
-624.5281220861276
-219.6504784463865
-591.0530838467463
-418.6508229089178
-482.8940534611303
-107.12492969215305
-747.6949221673941
-1620.963457898225
-390.88535348895687
-1151.565996166019
544.9463192562852
-49.55370002111579
-673.0450828849276
-653.020251247589
-788.8964425425103
-1511.856391796155
-1327.5615902055497
363.44055663016286
-158.90970243726554
967.4796940497607
-1045.1837985956254
-762.7607812107445
-122.54067884606468
-131.3867223635957
-138.3720347364757
690.5762209231624
-247.39165140498346
76.29314412377869
574.4036899675333
225.24773784289653
-257.0087460705383
682.7917403398186
-2332.0746050964294
-232.98044873459378
-527.932979825675
-377.7774108902896
-796.968367918174
-1364.975841895624
-101.07754616018485
-3140.527740213137
-596.1423082968303
420.9941479455
-1314.3200710903993
1148.468161225047
-2161.447059912133
-1112.6890896824516
-942.6400648289547
-1033.2428762688246
-1998.4723498119156
1855.2294937542938
-820.5742556235565
-274.05226793999117
-1698.2021018441546
-1145.1564531544236
373.01265263746825
-648.6400753583158
-1352.5311584309266
-139.08889247129457
829.5227905636056
-592.3060582674071
-962.5105929051653
430.077309048297
37.19147914791745
-1223.4217208273321
-138.00384749404623
-361.85796403508004
-160.96005481260238
-1574.5310486996596
-581.7055394204864
574.605407440314
-704.6742166625893
-546.55641425851
11.046453076598823
-1006.8809548796845
-1083.520671596853
-2788.8500594277175
-1385.6828745279709
489.735568646768
-772.5282542602368
895.7290786307207
-705.8744259993256
-1283.142911600677
-1483.258179512798
-370.1069069691413
-1440.021251736071
-2394.107190468688
-222.89043935731308
274.05025689059846
-1261.577711417297
-260.82389383382645
-1084.9346046391793
-155.9090347558814
-327.1857906700958
119.45494501837209
-212.9189942661925
-647.914018072329
405.30883089099996
-151.10859064878525
723.5129963657067
-125.12537783699793
-845.2644829450702
-882.4445694323496
-1257.3067408183406
-79.68859599656969
-1723.9862043795174
-1272.2910670120427
-183.0538688645771
-1167.4929919975857
-1320.363354593338
-1686.877060356344
-2551.5223068886935
-1567.3106330802102
12.831647164740275
-1171.3089994429934
-1999.9944292059781
251.54613292185638
-1339.4783845963939
-970.3193123222928
419.4651100911386
-1406.6870659162723
-481.15476695931204
-1137.3338101764884
-121.99158359705427
-1674.1416233308273
-1017.1767510604778
-1110.536085910947
-1119.9648870231076
-706.1192969651012
-1105.4266095407584
-326.59504900180707
402.511815742106
-1080.8893828402179
-1148.6141199546146
-2321.3312306499365
-1334.080622354109
-1362.4863756822579
-1908.9959787899752
493.05058208398975
-2763.4034332046363
-432.02195292138833
-2119.6629846562146
311.78598106930065
-500.3264906968535
79.67283461221984
-360.0087647852971
-886.4088148198203
-1951.356527308585
-2055.3228338285744
-1205.5886825338048
718.5894712951239
-213.11802999543318
-33.67064288526683
-2354.383246656959
-213.7970291642232
-801.4257978338838
-416.658587922405
-1151.6982530134774
-699.3162624775977
-1280.5513290609647
-1208.8079557290948
164.65967926324254
-1134.7235298365044
875.7959457993614
-698.3589777806525
-659.5027273762267
-38.64858280545752
-1856.1520856256216
362.15270738798574
-2032.982351702215
-514.661382031759
-119.95086460687219
-304.1291046428297
2074.1808623183383
-211.55538795474524
-228.2756970742422
-1482.0649373899846
192.57182865366474
-1923.3118813144179
-1395.09977483236
-1302.4957887896453
-1815.7939699618328
31.6213223777994
456.37852123569735
153.37138757885884
-1434.1851764341086
-622.7965493242688
-1431.1799477129225
-838.1315610475058
-758.2553930846759
-2176.4497434550312
-1738.7040662771615
-233.35546088138574
-769.3587362618665
-1930.8160514117444
-535.5439686759529
-1260.2846342063885
-578.9594843181759
-1159.0340248597304
-26.30796614337271
-1919.5432598483758
-962.222449799371
-788.1820557793732
-99.60855882438511
-995.8761325397519
-1586.6569235104903
-2131.432105502361
-732.3526654135977
-1040.159660687868
-1019.5771440180371
-1080.6908444713454
-978.4450585829422
-1054.7031869809462
691.0958197424935
33.9203163543815
565.5933657718491
-99.56111155876135
77.86538702670703
-857.1780321635771
-1495.498386328236
-1081.212706659996
-447.56248263345117
-316.86112938744293
-1885.1885865673962
229.2003662828264
-359.9882301408426
574.12076710604
-486.4070517597578
334.6293729695657
-106.2230319422116
-882.3024826407888
-270.8380390157041
-488.6732947229476
-1013.5977648057075
78.75642801758534
-1508.5483614504215
-1010.7865413424598
-783.407612189235
-1895.1731249326658
-1094.2327578292206
339.96530018814985
-415.6736326595393
-319.42425405312963
428.023416062436
174.30863479748166
-321.5799409872171
-752.9079276738577
-548.9310536735703
-453.65323307137135
-1410.185397290713
74.9824374558658
-1907.362522770548
-396.7563163893719
-1493.8792534494014
350.18342127157746
-1094.9604453847073
417.9185988531973
511.97422286425433
-2424.3243324681425
-743.7311412712107
-1589.3225310833486
-1756.578887059938
-388.24179308477517
437.6159458282549
-1067.159596753515
-995.5762905138255
-233.49577467025824
-1055.9021304420876
-1325.7890895348842
-825.1881027840301
-1460.1421794040361
-504.32085601039864
-635.0604698420894
-1220.4229673617574
-1778.784566772426
-1335.4703171256415
192.8763800390028
-1972.454891226479
-1127.92439958469
-167.57568863698236
-2237.97398852888
-831.355579929074
-497.29754208241127
-418.16223330256264
-420.7848235356297
-1331.2795398456428
-1026.261985740327
-721.4041070965951
-1982.8183420278665
-1398.0615081957844
-1424.2108255927287
-135.98073874674185
-1800.2379984326708
594.4979942719882
-714.8282022559871
-742.6338985424946
-215.6287985543853
-938.9402329548394
-890.819279174456
-213.97302974696743
-1301.4392077548127
-835.5241554801315
-2643.4451165878972
-1477.2839336977086
-728.0042367827328
-966.4640030400484
-10.729082492194152
-75.74872885475281
-1123.248465787075
-246.209601434634
-19.499047413354106
-1373.180418356863
-1416.041451903061
-1169.2085619365862
595.2665660529491
-1522.591776246275
-476.4641061847534
-624.1764428423754
46.851818834530945
-741.1646349584349
-938.7370605464098
-424.34685339221744
-887.888221218027
-2764.796139389652
-1048.8204635687744
-990.3993041496766
674.6490623351682
-1682.7385767758497
-1784.207972835371
-231.26772354576394
-1054.647598921044
-1070.7576327717115
-340.1442094882997
-731.8134547439859
-903.1276995550285
552.9705073526487
-946.3962082102104
-771.0184820823825
-2916.9063002039493
-1947.0628140088015
-433.52461387834285
507.77836123051236
-543.4857695528691
-893.4519496346876
754.4645391435414
-448.0541075379193
-910.4913612473739
-1837.0290832259752
-395.82818492891977
-1184.0032406700911
-1131.8380152931832
-281.8999782960219
-394.9517462868363
-1156.0063974460259
-807.0623196631287
-959.8120145093367
-636.0673916322922
-1589.2716892175288
136.7985857759362
-1946.3002868138942
-1674.1275672910506
-66.42810981463083
-1402.608674490859
99.57114402986974
-811.8500923986968
-1163.5042390509261
-266.08028745483455
81.9912650041914
-696.2148305906277
-734.370436513451
-498.40200363331417
-562.285970647475
-4.978324756829693
-1606.9345213932402
-1108.9735931207667
617.6883262739003
-971.2624001225687
-847.8970642480496
-962.142079473579
-280.9230482778195
-823.39540251949
-497.5314677161397
-953.0929444162756
-1306.463398234665
-3253.3840411439205
-718.2559738233339
-1401.5120548696505
-878.2831142311926
-888.1267528892723
-657.5380433198605
-1024.002382061929
369.95325964799656
-159.0125137528422
-677.469277507034
-1400.202835567964
-113.86990725997055
-2336.3403951681644
-1112.4870163931953
-1341.9626144201166
-1463.574487901221
-786.4230545954553
443.7206702952034
-1290.7900837917825
-1325.4499817578699
-360.9910089930387
250.87717484002485
-1877.3571775209166
-1170.5506357289828
-568.2282866580164
-1669.106336264898
-243.74634107559552
-1714.281622944006
-2261.927846865428
-774.38321936161
-1259.6534418559045
66.57096299518537
-776.9477768346688
-2490.8158506209793
-1325.5263800596085
-1058.9125369948315
-1251.7925057404968
-7.677646922827648
-571.0316437086385
-261.27637482964747
469.5663624068246
-492.90736575922267
126.99092827260745
179.297753310948
-748.2128054499327
-268.889852932639
-207.02607692849335
291.5754490086696
-598.7043492121967
-2162.3346192654753
-1156.9865266118723
-393.185640559729
-684.7127014541794
-1269.2530458954598
254.85971184896778
-642.0761856950859
-1786.978409463658
-1031.8778965475276
-490.1453250113501
258.83845209681647
522.0828624711138
-1684.0871375627403
-1005.0384173201811
127.32450584297544
-248.9786342735614
-2137.8254003117636
-2093.056884638245
-266.91083534833353
-1124.873327997091
646.8966042409473
-612.9735649251007
-2025.2153352852743
-1736.8655281521037
-376.3290348618043
-1526.1154567545955
-26.83063728028094
-255.88236272861752
-4.1481481287625
-1424.054873528451
-268.9702072989377
-1053.2406192302437
-792.565162389663
-293.0722517674923
-949.9463859113231
-688.6284581101601
-1137.8503544824407
-1136.1060965572096
-2390.2026809120384
-1861.6172647463281
-167.79670908199944
-803.5887067615914
-1820.5975978431716
-404.4359491578922
-2379.08067868937
515.5548360870388
-1117.0217583269596
-1256.5520153239845
-632.7468936074175
-456.6517602162652
-876.0092047056734
-1134.8189335323605
32.54110638712962
1092.2820722973238
-1373.4072078126874
255.26512478182838
-420.09632623195137
-1206.8025419172704
-1496.0777434755237
-1732.1639626372862
-2079.0664932087216
-1203.4118573280962
-1198.8204636150567
-714.994359273812
-379.54131733960924
-1679.261540247483
-451.6369918111965
694.5324201688637
-216.58339775548404
-1116.546696806833
-585.1726059243639
-800.5419280712063
-518.9258097703479
-210.61597783520313
-833.5800034808561
-1443.5601381511524
41.67937933325618
-467.4135828480322
-497.11139614828255
-1789.3057425911384
-557.2484756681116
-1159.8421024664267
779.9848562635365
180.70784943723595
-226.1006927445734
-1428.332524094597
-476.98728423791647
-231.1622544377675
-501.9377027116699
673.5781028631499
-1286.2696747531754
425.9794292256255
-390.2625292954469
477.8159378633753
-916.2331186758321
-998.5001947953161
-809.1716983901975
-1548.2572084183653
-2058.614221960641
1029.6431768505154
-2068.690468172157
783.1073082958618
919.4393291720324
-1290.650344132384
-1777.3346578203632
-569.6161175084919
-452.3113530295151
-405.6581775874339
176.12591479378784
-329.8595338198039
-237.42540732012105
-691.1062059670586
-677.7633473829038
-2164.494533655421
-1238.7235934898026
35.25661257056424
-528.8699717070568
-641.9195413190008
-341.1096966841161
-978.3846914447028
405.7140116716845
454.8368273521136
-2209.4777876422713
-536.602895998508
-1424.635924775314
-1200.650030917076
-976.3924397769307
581.5972489740014
-71.6291755809608
-107.98740564590355
-2042.6795297803224
-705.0675693424538
-1665.192198816259
-373.7432742442953
319.1626267370533
-856.7780806589254
-1307.258294015546
-1576.8320476934891
-152.21298968740678
-7.1814518038576125
-1570.085550643602
-533.6910437107177
394.24627111730695
-515.7651534769903
-705.5428520429306
-1047.8654341327592
-2122.894622577306
-686.0904835904536
-481.4833417745755
-922.1555177524125
-892.8702289204501
-2165.6217150803304
-217.4740016741913
-1399.4925227043404
-815.6659526154718
-913.3848394465141
-308.28442041245864
-985.6708708300371
861.7999084174434
-25.524099462253275
-1390.1859212180666
-334.72189757165745
-638.2596463204247
-6.421900684857178
-721.3284900009495
-84.42869447928854
62.56807632414609
510.33842990687697
-2191.801411907155
-2232.840149266566
-710.6907336919058
-347.9061174671634
-1350.1274172667165
-786.136256247358
-788.5256501090736
322.90323717261333
-798.7695547721233
-870.7098643662786
194.8440027119667
748.5406203358651
-812.2962944492008
-194.64422275767186
71.29511821150652
-435.77582603754684
-2285.849908187587
-1386.5039666774
-917.8142470679933
-464.801009912542
-95.21597958249379
-825.9179801696429
-492.7732412146289
-1660.5739159032019
-1131.6976049745363
-46.02881301822492
-680.2912794483683
-1388.9539235940551
-328.0066114183793
-851.8965321896965
-333.9575376888844
155.72176201168884
-721.9542440669576
-254.40419879593549
-776.2388196988036
15.33379910436804
-1425.586694761435
-923.8647348372734
-1542.0034535698132
-999.1533588525323
-594.470478698138
-1487.2174713509894
-11.837863483581827
509.48049329303865
-2772.671425679443
-963.952958738149
-73.9404255080018
-618.8097206837693
-2087.7258954941517
-1963.6479111014514
118.0779679286619
-1049.3192355631622
-1037.3732789938654
-642.1060985507999
-1085.8116172568489
-904.9325488471906
-115.68556335213941
1360.8854807960688
114.12708913997801
-129.65013146834065
-596.6096080430754
-1260.3952582991305
-437.22303557676366
-1127.9840823779446
-1783.9269771340114
-870.0226158230872
-651.9561973536623
-740.4763166590975
-1221.8049791255244
-945.8629068308761
-115.6208620776971
1016.8517897454102
-497.4997324530915
-584.7572552994098
208.31971694841457
-723.2250342794933
-116.54739625583557
-1972.678974099496
-313.8617388159158
-278.10880549974365
-183.0622433906384
-2589.1328318398196
-1071.2077815516604
-2430.7405426152136
-1830.7736744276044
-365.6287829746441
-1171.1327688691526
-1088.1182023761098
-646.5665163395298
-840.7371055805323
-685.3321519115208
-1253.450610399008
-348.5495783048149
-1100.038177966213
-1015.7593009371695
-1201.583099768011
-1348.0793578338053
-662.1594595066955
-1356.835516886601
-1336.025837757461
31.869147253813026
-240.23905907249434
-2825.7572183504644
-1092.1887675896442
-152.83171046367272
-657.4635594059438
-2003.0424865418595
-1075.1372383831722
-80.97740760942213
-1250.3880088335918
-636.4967262681304
-942.7569922353606
-488.7222829399849
-674.5137451329789
-1418.808376850467
-637.4199679580389
-1878.2872991632557
-1701.998764148782
-1446.5571358198958
-74.58311908240523
-934.724678909204
-927.9671189893198
168.9321213316333
-1724.3063244517407
248.8717282276192
-1179.2601312035467
-1030.5453521970185
-285.68205177943
103.02057229775426
2127.5640730843406
-422.63946248053855
-233.32520703295836
-1683.9421212052307
-1443.5504672770603
-888.3649791914901
-279.476849211536
-1294.3653824882504
-1474.0579240852167
303.9086689341483
-123.75270098533213
-1284.445531766788
-366.6871336559062
-1284.951455791249
-989.7383503063498
-1182.8035850930619
-2232.8916801246223
-240.5921354219637
785.9300925153178
-1689.201292324341
-1156.7460367613394
-623.441245000382
26.77485241011607
-1323.366878515385
-1601.8573789670004
-2075.7622766497957
-37.29050992484167
-1420.7996577111617
290.8828964306607
-946.3816432343511
-1031.2997461525058
-540.958156369271
-164.8944558361519
-1595.0445358370112
-1867.8633880534044
-1103.5298772293495
-1808.8842656676716
-644.603558055621
-45.94934034398341
-428.2732960205807
-130.01149826848643
15.837152760799086
542.7812404997948
743.4565933173297
65.21761631660718
-566.5338979145882
-1891.962081189622
-1892.4442616143124
136.8415379782183
-1190.6402147873923
-1934.849587302172
52.750492327444476
-2240.5978475882675
1094.7880140346633
-941.3425581575294
-1616.7530664608885
-694.0527768241601
594.2727037703888
-967.9438631678364
-1001.093082440843
-1095.9307242288446
-675.0456297050961
-634.6256072678717
-1320.9898778581783
-1606.3933061599837
-833.9332118505073
-2702.4125325148834
-350.63861865258707
-944.4385657934937
-839.5786703673785
-312.62747315776426
-359.9008823684827
114.33308419380853
-521.7886572557701
5.1488472889139985
-1792.9044137592437
299.8174443023471
-498.40835920477195
-1341.0810601297262
-1977.3086289980615
-146.1071705054684
-531.2026699854916
73.31397068675358
-903.0398036300504
-1237.3574692687462
57.695521987266034
-835.2376935454064
13.728224306628249
-690.7860188947344
-856.9110788814206
707.2522407826381
-911.6893365980278
-429.6622228311473
-32.51562958891566
-903.8987871941943
-2165.6639633923915
-553.5045252185492
-789.6051361506658
-1297.1339017778214
-1235.680694325058
-1302.3061268517513
-16.4025243362762
-1504.1356965724208
648.0080003109412
-1680.9357684885695
-1177.9384274120239
-2085.2023406918606
-2261.448998776422
-398.5602239687231
199.79845052067992
-2890.264677996553
-1414.2260909586985
-1457.8390532472217
-270.53023520751145
-2041.2120253535595
-185.48820115875844
731.8901486809845
-1198.5862751011073
-293.7151163390946
-1002.8170884610673
-1368.3222683815982
82.81602759833947
-842.9937925534242
-1292.7560508569763
-1925.7695796495545
-995.9825689732544
