-239.08308696428605
-672.1612981938937
256.7267955747956
-49.67817216539254
716.5061321194052
-1132.396003633684
202.4440079167615
235.36026200313745
-1414.0488423126199
-575.0901751650928
-866.2924945497308
-567.971126401768
-651.3940911522187
-1491.2157295267934
-465.69699180908003
-792.6394006847823
-548.2789125354731
-1093.4612466461022
608.7556131447567
-1340.0359753647535
280.82421267726465
704.7157901011345
137.04148532468741
-1592.5026785375449
-1229.130631077097
-822.8595879017495
-1175.60511594168
-1912.5459241284493
-728.8685235022141
661.3664178706421
71.1300243038803
-829.3096618802625
324.1872432463018
-1451.4801868809545
-667.9060011324665
-111.29772419111919
-802.9056445252664
-1416.7408294116412
-1659.0383832862326
-484.5884281767113
-68.17711576773684
-1780.8004955376045
-450.920531654304
-1333.7771451418912
-969.6493694103325
-1273.6205139812737
-753.8085047262176
-1608.939245394809
53.30353913549595
-409.8151870397136
-877.259539848673
-281.77377241255374
-310.35867132753185
-750.1430003719453
-564.8174360734034
-1061.527862150509
-861.7342876228684
-184.78218628251295
-1088.3556064949366
-1127.7519031186812
-2985.836612999253
-884.3694182512023
-1406.5536015447924
-494.4707848055233
-210.26734304418255
-104.98483631538431
116.2835786348104
-706.2256845014664
-406.6630159908756
-1880.4677269838953
-1785.6107964181406
-1660.9667497651492
-90.2134722446591
-618.2413680340461
297.604546713554
-1227.0556260595413
-533.9016728481093
-247.0155944379518
-805.6579304690814
-1336.7099604504574
-237.6373082111278
-1320.2461730388877
773.6293078492048
334.625946122257
-226.59904255255162
1661.3692226249777
731.5008482138309
-1668.6128350120273
-1757.820113401548
716.8798929914636
-1056.051272206188
376.2318049904651
-743.0064108388989
629.4086217534476
-1406.7365444689049
-1142.2897295439088
-1709.71593117631
324.12115218620863
-997.9377519869453
-1730.4233179281791
-337.72824055098783
-612.7374259930886
-1133.4353978215968
393.8370441323767
-271.4628677412121
-713.3963850328156
-1392.4180624604846
-2269.546342114746
-236.38372106865165
-283.27186825167985
-1113.7147683763405
-1293.4303156197666
-836.5778205661583
447.8860470800254
34.05210868572442
551.4934480657811
-727.0304510031257
-1951.825275811645
-371.517622121066
-402.4055958154905
-1345.4663364252642
-1849.6049995530038
-1308.813683188665
-15.42280474957181
-440.0344824795094
-251.36202824412322
-211.12808420052636
-765.0941201909728
-323.66070308163546
-1565.6482089740425
76.46837193389717
188.24234456400325
-2073.3179088087977
-535.3247235596995
6.770069805086109
213.52586966515662
57.80877168620452
-591.0383768935354
-355.78912849752635
-745.010368033326
152.16925155457182
-1101.317225761974
81.98466159427346
-1581.0875872420065
1739.9524034674423
-266.98728387949643
-57.187083460960025
-1074.0879736804827
102.48500200392107
-330.53813242409854
916.1652107138372
-260.3381535099171
680.6261663237118
4.168765919827706
-279.0937908826873
635.9478915822318
-1119.606927436982
-1045.5575461949602
1072.1646538013847
-121.04358714522334
-1031.7055584141472
-339.77407078424324
263.1274552926569
-2339.5173640756325
-1594.9653494728118
222.96496298528552
-1026.6412340456527
164.22325551979418
-788.9797898402459
-622.1327846886701
-1037.1962253954816
-1608.9640030648156
-343.8436373569376
74.70554370600337
-281.7238551991287
-1023.4109696084053
-976.1451107785475
309.8104384732259
-2009.7294274007609
-1520.5818258511354
-220.4360581817831
-815.8468574069713
-161.74248583355586
-257.10304690599435
-955.0078836771551
-2991.4933215207348
-2783.565839568885
-853.4428726059441
-186.4197581327786
-663.705674588614
-19.70107505982844
-908.3703500717212
-1867.4305972871935
1085.2939809751215
-692.483701062382
-935.4496800575804
-617.849387686546
-1184.9198992891106
192.27038952044393
-787.2278292033253
-79.53645951156443
-353.4525827543313
-1922.2943984071617
-563.7038724941241
-736.1397463711515
-757.34977235504
-1170.800472974082
868.1658509799794
-731.17654303868
-601.98843323873
-845.1346214209171
-1550.6254763701131
-1260.3453316567534
-1098.8797686455027
-406.29709293661574
1250.5359701708212
-433.10205660075235
-1232.591648080182
1567.1632741305157
-530.2461825952778
-1812.7691564509178
-871.9785599538042
-1850.6059247669746
-80.41436965232845
-34.668021725433505
-299.3614902078907
-754.3087892272068
-1129.8541225407594
-549.2870108212138
472.4215003156918
-1770.9492331937317
-281.1472156588644
-155.56928963109124
428.30350508898334
212.0473596276405
-534.7539021782287
-1517.668676842518
-1750.251955208455
-765.6494030740893
-2243.4973493677207
68.60365374893479
-368.4011726423704
-687.6417319457538
-1220.2448564873143
266.33930674457895
-1693.5785925068767
-278.0860139303014
-1428.9813784067965
-620.5876913798107
-1357.767454675446
-178.52637284411287
-1097.6677870994004
-1189.5702164868985
-1097.930784382564
1056.0785126435317
-149.20066530404586
-743.9470950765709
-993.5327413553979
-1968.9773963958314
-156.20897334601307
-449.6774388948462
25.6163433276173
-370.7240825223827
-984.8492381790452
-100.52110430015557
-1768.5761867123497
-328.4031168716416
728.0864646831254
-1312.5238054886872
287.75684852257586
-1457.1555591781948
-1610.8319423187904
-660.9974608239073
-706.9582800117056
-782.680586451657
-1430.7448497851678
-742.7831243798265
-2322.1623534645605
-1404.8998655276018
480.67106350563597
-112.12241547560757
-1000.6818406092563
-226.924197253407
175.53224605516232
-1604.1675323342843
-273.4635498150352
-611.0685275286907
-442.81840307600135
336.82733395128423
-81.68047389613014
-506.281516933214
-2031.71026926906
-1022.9498212817408
-100.49630348020776
-478.33726681632356
-954.571996914403
-260.942395362399
-410.90771632252483
-994.7347225456875
1008.9455323467363
308.8323407317001
-206.96117274288838
-706.1661359095589
-1629.704045090666
-1869.2081126510748
-1740.2538439453187
-305.82920737776305
-737.9828326969265
-1597.9321721421406
355.96273049580884
-798.6472965001528
-284.28228457791477
387.4505172829548
-220.4073927313708
-1388.327515792124
-1311.694530543135
-1069.1368952439989
287.7682543795928
-595.7497206373267
-432.4917235769532
-96.0960172240217
-164.4013320299183
78.18078640071019
-1220.356796479723
-658.7217528342363
-1452.1518715934449
-2015.9711134844665
-201.0571974980113
-638.0197542403977
-1690.5448239581774
-545.8965320678418
77.4182347927798
-552.2076798764411
-481.43109868270506
-1692.3786304769283
-1135.8352358813409
115.74693811704026
478.0013408034355
-605.3641143558135
-953.6523616895712
-171.85489147957298
-1064.4986317772086
192.96511516854332
-1878.6208006215738
-1179.7345110608644
-2159.757795574327
-2428.539839650526
-1450.9400546841198
-2246.965996693571
-542.8345857963897
-858.9639311644488
-645.2931885735371
-123.43051348676192
67.69190637580857
1277.1880249273504
-1107.4794980081915
-929.2737237165976
-1191.7531889218817
-1822.8742552215363
144.4932359527778
1003.0586978195378
-790.8375323756795
-861.6326628013695
-304.21219827832044
-280.00044117472885
-477.165437079172
-1570.2935657821909
-399.07458689682505
267.3089140007954
-2469.6922561581177
-63.97317598521897
-1429.5189086164373
-440.32827766550383
972.1642543220077
-937.3230461441824
-634.6326809503549
-413.15751539009136
-1739.0914159726753
-774.6885048848479
-1358.6836461311113
-1193.2894484937488
-1788.8928369458545
-390.3521777607449
-1300.447541986733
-9.669800602304008
-969.5963869079197
67.67941501800931
-2057.220739639325
355.38146562298687
-1118.0005956086598
-240.31120377547734
-1209.8317802637607
-947.3116756278306
-792.9975973435113
-98.20218572120496
-603.5251766179127
-639.1453630071284
-1069.5333646918434
-1093.758287937454
-616.2209353681284
-1251.0378297051784
-795.4124651570929
-1110.8782555157504
-626.2363445306124
-666.6909964123998
-937.8449238477184
-1128.689946846412
-1935.0571808444793
-1553.077143772763
-1138.0776751377389
-362.8192901232361
-753.7764493696196
-421.20910912754755
-18.59505130675609
271.18132482344924
-1100.7907684660868
-563.3909139475501
-234.33801098221386
-1186.3245868599834
-219.16731921397616
-863.7980626541749
-114.98443177955517
138.87850979981602
-651.399731841043
158.16264357910256
-561.7153481299508
42.5838607068207
-796.9060850396228
-1646.1616051750389
-226.85066759040967
-95.33901385217257
-683.3120117250002
995.2001227903064
-1132.1203205566098
-445.3851919040418
167.30424534063866
-907.8442935705845
-884.6141627752438
-540.3202438919526
-309.0921242333875
-256.60682155880033
-659.49638328497
-1046.0196437248956
-1058.2840898562254
-631.3068493201127
190.82036804758843
-1347.0650012358306
70.00870073736485
-1295.734472366853
-994.7892757387654
-1882.6460452108004
-1045.4631966818524
-1444.9183031867815
242.72896385871866
-788.2695131687623
-429.8117689008933
-1878.7547423720898
458.46912042606425
-868.724099729763
5.1209146192398975
-394.5742083947267
-1226.9270780569823
-1399.3904280267302
-294.60680491461756
-1237.018858585598
2244.114096806544
161.0943672192742
-1587.6807218616814
-33.74418454117506
187.34468494824193
285.8804396997556
-137.89995981296408
147.89351045382057
362.88942342279813
292.79170686947043
204.58132873979127
-1157.1713166365398
-447.656651845895
-930.6137312786751
211.17321441826277
-1351.9381355051669
-1014.967850421088
-1862.6519183229384
146.84851355730382
384.9075555826074
-707.8326763089218
-244.91059187664098
-539.1197964155814
-1638.7422229774559
-1105.0247311813528
-1061.437925194702
-837.183615461972
-2111.2496726836844
-1077.9449297854808
-419.54970982453153
-937.7496412028453
-1371.4204305135481
-1827.8393769675408
-1320.859777586883
465.24098203776214
-196.42418459408884
-1255.206275862141
-1412.926881084084
-1121.4405630792198
-373.4868021968101
-1277.4775529650874
-1745.6465360350076
767.362814738335
-401.16183601809837
-991.787852341654
-1136.0029479135092
-945.2774954107846
-1567.6810213591816
-2064.1188011487293
-1457.098155948191
-447.19078860571153
483.5476973511212
292.1986198851263
-570.8804179607547
154.71249409705786
112.57869904659219
-908.8076277493975
-1804.7781221255073
-1368.0731543456568
-200.67901673351093
-279.1025100261551
-1091.1767406576819
549.3653298638718
45.40990888125896
-1129.8631398197658
-1837.6180922783578
-1003.5872229219282
-1243.3768973275146
567.910579729701
-588.9413481115972
-1623.979762438406
14.888048665961037
-1388.5380105698237
-49.774294737870946
-1239.732476529533
-2355.052131439241
-1929.494632334986
-1140.3921225349332
-1524.2002022582565
-2075.6059262383674
-231.31502483725615
-667.947725893857
-1821.251888042324
409.71359259272674
-1542.8674691603783
-465.1256819512656
237.9191183998846
-267.7716956350133
-1766.7649449780852
-2518.6248017436956
-1109.6391321588999
-2317.037876787678
-333.14148901473845
-1324.9275462561982
-1771.67749012872
119.01417064187342
78.95153547938048
-1419.163165612727
-174.4962071989986
-763.9973887784955
-1150.2424903793858
-547.0157087815697
-783.7336078215154
194.815225685104
-1244.528996226693
-1115.9807070711672
-1949.6127670567994
-1326.5683152887923
472.6500647410984
-530.4674491242687
-889.9529682383369
-739.4500563072025
-456.1859905741213
711.2901316389599
-989.5556507321154
745.9380979853985
373.17780316927144
-45.0317058477832
-1511.6062234138672
-842.2540260875941
-1505.5642289731
-10.438343837433308
-1232.022387308812
-800.1804742241285
-1999.631612250635
-1758.179687194834
-218.72659810650623
-1393.6521887516594
-224.72169082432822
-72.62896025478597
-1029.8597655878102
498.90603531982094
-1496.2070271109978
1028.7891313842474
130.0552563405564
-1002.7565473079977
-6.5429623068872615
-1855.7988174932407
1078.3469440933786
-1364.6119831403666
-357.893827023012
70.69982535784754
-876.6771762549698
-835.5413313943659
-808.5009009540732
-642.0834687084727
-798.2653920863305
1081.0728641270503
-1787.8513706370113
-2315.077931043099
-187.25140531926934
-373.5877129357917
1763.5575088535657
424.7427763216946
-1730.5381186134955
-1288.7072115602368
-1122.5784647684186
830.1868827877589
-1450.6555518036694
-1477.132690938386
-651.875125870176
-291.68731157985246
-691.8141412461692
-1059.7179318629296
-1528.0819354453934
-663.735590984959
-894.8203552147285
-934.4516153059282
-2092.7924249208154
-1317.729622583155
280.72042450055267
-853.1499733818492
320.3748630763481
-89.86692312236221
-356.8018337730556
-564.7702010501323
-80.725340601438
-155.56509939666023
-431.7116701459064
-77.27917134163465
-896.107158489025
-1722.1956284411162
-513.5587667411313
658.0860155012787
1383.9325105957423
-1420.453346686012
-1236.6270193150804
-1144.7198025954308
-1882.0457798338757
702.396647192982
210.69519006842881
-1918.5515649042377
-952.1307597861597
-968.0214752917824
-1189.9708391490494
-1330.6102816748535
-649.6325234032266
-1391.2625419145566
-479.5682268313511
317.8542602599722
22.458380631699924
-1648.9502189655777
126.59026522920237
-620.7631386953336
-1300.8697854806856
516.121774140271
-1274.6134559275351
-742.6719929081002
-1153.9637748920686
-264.0039247415774
808.8280456193892
-1863.969392299321
557.1212761178502
-874.819301215569
-529.9960107341395
-900.5916190997597
-433.0770777789704
1171.5714543215527
-372.780383262034
-907.8634420108971
-1560.8956534369654
505.03720968608366
-1645.4082128403743
-365.89232891899735
-1002.7092457649079
-986.9487889362987
-813.0077075552791
421.8679183366547
-596.2294066548758
-1652.1287465994124
-1327.5729076699454
-1694.714571804972
-1325.465718650944
-1127.7110338315647
-556.2589825486667
347.65302833055273
347.87447710586446
1027.7327622551506
-417.69001548221706
-1161.1096973150416
-823.395483735013
121.90515637613669
-381.9043686345009
-960.413493809163
-1445.8808247588076
-837.101221452721
-801.151830261179
-890.5570621985472
-113.28837308278037
-396.8630148232352
-257.3530052324057
-299.04358692133894
-819.5990183743512
-113.37802459933039
-1873.9850253855047
58.1948300419848
-1220.2978332918833
-413.5147166105211
-909.668069397938
512.0895656562487
-535.1940492780251
-1466.3345961438035
-375.2758040851669
41.9265159688415
-446.4200021953849
-1450.1786540829462
-1852.6201901119439
-1348.9446546103622
-302.55916776165134
756.6143254424322
-1620.3572358893043
-1791.1735763469414
60.85475580038826
-1710.8275295353833
-1160.794625335784
-1060.1961315717135
-588.478204900137
62.046053552573426
-488.85543454231447
-1579.6842009909842
-813.8826265144941
-1784.0961241440418
-331.95988341028
-931.1969460154461
-149.21284259448805
-418.23875334705974
-1028.8706088780627
-116.6584588732054
422.9317403826252
-1272.6880018641955
-1187.3432954368445
-309.54859095038194
-831.9931073985846
-513.5359482735641
-2430.1385231447675
-284.7677077675763
154.01050085602526
-161.29609646581605
-2135.94191494483
-954.5661016641449
-1032.4148612772078
566.8292835504648
-284.37828525503454
128.05938658447383
-1134.9266229415396
-1703.87345087948
39.14052991320227
-1551.0038114543277
-384.3125238905692
-791.0015813633069
-431.1324924726588
-93.1989126848332
-1320.9700793095408
-1972.3824457697365
-1724.2881271691285
944.4139088938017
186.70052289797184
-320.37342055789725
-1608.3009830006404
-356.7622997298578
-1230.1013319810627
206.63426665205668
-1400.552585122578
-1495.215766417179
-2691.9405101534553
-662.5038396718256
-8.290100700181938
-907.5521787941699
-186.56897478841086
-703.2410932545109
-1119.0622883764381
299.29333877714146
-1566.9818527202615
196.5797076514126
-743.636277812987
-613.5269119249243
363.87386337308624
-1496.7383936007782
-1219.132517071796
252.03827015024933
152.51353338701654
807.4974968520013
-373.40446282851735
-857.6146764769975
-1806.5638124263278
-1570.0431865381615
-1283.6160702969278
726.0610595760744
-792.9966943996279
147.627256971566
-248.81462868983465
-175.4024503797856
-656.5650110022372
-584.9003558179558
-1331.2334340477614
-577.626732267249
-112.4649146919013
-558.6654270775026
150.71148588040558
-1228.4658263862375
-450.3448105958968
-740.3379868110463
-88.53981126695646
-241.72802970492114
-1293.0856377749406
1325.3184250164304
-694.3775373283662
585.6595912267547
-1069.515877278809
-1982.1600951971286
-284.87246514170613
-1755.7426284425924
-29.48692139628281
43.318351380367744
-43.98455257257649
-1444.9018608000051
-1324.3619951861024
-149.12242358229935
559.2000086669931
-1833.682372258469
-1059.3835302864875
-1701.3405283591046
-852.367408821248
-2174.1133473485206
424.9409641084891
-2294.7371662306678
-1197.2832528905728
-506.7994771660866
-1131.83629245648
-1265.3012099458529
288.19653373630933
-2018.9619130905203
-1025.7638600726186
134.75983365793024
-449.6305655004588
-866.6235650950103
-1221.7537704527108
-154.46410869909744
-483.88798467694596
-820.2493118466288
-1243.1739838368303
-596.4893086594104
395.3582010920162
-1955.123719096372
-1046.1698575043156
-125.28187792828805
-494.3761049007136
-481.2307807146809
-129.39268825006104
-781.8654026050809
-157.77736707349425
-1525.50976118558
-108.92910450049396
-958.0203658615815
-369.0036438933049
615.8151433390366
100.64288674910665
-1222.5150908215337
-134.38013526311397
-2676.864693811882
-901.713653666554
-377.56716733598944
-498.57323589601094
-1263.6955566174688
-24.050486087378545
-1958.1053723637488
-1628.8004497190773
-2490.2493975507027
-1891.8310469409157
-1900.252362083762
-1838.3376728530502
-1809.05375184907
-1375.911837000126
-1303.765755881258
327.52133719124265
59.60505119863126
-2376.233048538196
-624.3252086798744
-840.5570819995279
-25.7835619158069
1284.3591941997593
222.3663013015015
145.86293066279165
-318.8107976231205
-541.1533262642716
590.3293970896797
-229.98522458301716
63.69855262649969
-1774.5054503722758
-1544.7639271003036
578.5231190981439
890.1152746859165
-366.2680555961748
-719.3318110073816
-334.67994201447596
-1850.8201423226765
391.641285032072
781.7534958683044
20.656361691695224
-948.0812575798834
416.4962009677937
-839.6841355478851
-435.757814229495
-382.25732564422935
-755.565801295944
-935.3243068253133
-1027.096519686123
-1778.3725997257438
-581.830898476088
335.27620366835197
-1373.819936310937
-2050.3542116712624
304.7002475472499
-553.3523495674782
-2481.113009869214
-1193.1864762679083
54.3989768698101
-1163.8356407660035
-1445.0330884414243
-1147.839882068933
345.3088212664919
192.5420899944993
952.9241662975627
165.6615770566326
-1311.0539983012536
169.8873449050733
-982.5677373318232
-413.8421486423787
-1024.8100354578428
-1.669538983285861
-4.258848950399056
457.55193443096084
-1177.150745815648
27.585663596350855
-2361.9125579350266
897.1953676933025
-406.2354726194509
-416.8931187255863
-2181.4706429644134
-1006.4730530475541
-124.2418377701548
-929.6385053089421
-173.22892670630984
673.6601948534534
288.40985017363334
-58.01014118769865
-285.78784507914327
-1183.7124199551822
-265.8689586306119
-216.45897377068752
-2368.0622314619122
-821.1292647035642
-1182.3331459595138
-621.1787003118494
354.1200998151163
-111.55888513308707
-1546.1997563846198
992.4222019866137
778.6425069699216
-843.0764205534107
-402.04236624525663
-1555.6121061407275
-1373.423182875389
-342.63030166141573
252.945930256103
161.77747932597083
369.75832958796457
-953.0331970261615
-1081.5389869266892
-722.0749771697248
-1479.01254516983
444.9728879565163
-306.0328501530105
68.94908775790452
-572.0569767244643
-1420.057416222683
-529.3125509352968
-1256.768791360215
-334.32529523964865
147.99559912616382
-329.4004834718577
-126.71856831198932
-2443.6441262933504
414.16721396335913
-1097.572218694765
-1496.089158074038
-530.2556280199416
453.3193686967428
905.4722056373511
9.198726157905071
-905.7842122420826
-265.0647413507478
-1207.1346553071862
-342.51050987113524
-1457.763792958346
-406.0555812961312
32.307165466770016
-913.0610467111379
99.08937820717153
-858.2799440424234
449.83431173518545
-1309.2193372349557
-2013.0188455243706
-773.9389984076753
-1498.902340987921
-1178.010651304725
-1037.0076704107387
-506.6763872789485
299.67014515526887
158.3583134333211
180.80562840350274
81.68587894738073
596.2290791664435
-733.7852043012036
-2290.6114058549438
-1528.1500403632408
-1475.3765672540235
-1041.9040825065067
-1301.3684769440133
-1049.2512076116936
-2903.359353975899
155.918621657553
-2227.9679367219014
-1346.4780703853412
1237.9119317272853
-1797.117413712624
-1198.6683936801746
-12.474445660846413
-973.2473384879487
-1192.0715298622408
-545.9493281326762
38.97676861530351
-1529.18256045816
288.5045725089076
-1754.1762929352635
-843.717025735813
-943.7897989322074
-374.6490758856411
-455.44276700746315
104.32179847304519
817.6216661377265
-414.2477535382915
202.34537870485542
-1352.5628370959266
-277.3813912565737
-1048.52713977229
-1215.7167952607524
-558.015439840036
-1083.4245703350798
296.4468204247911
-790.3549583691002
459.30071128184807
-2318.711481236978
-2176.2227861514966
-29.9091619584475
-368.02391605204014
-675.5394641841195
-2321.5717410408206
867.5269925225183
-1664.4778871963626
1352.6416472047426
-163.65783519303125
-1910.595208907182
-769.7117852803741
-1627.0693687183652
-1331.4519087922354
-369.7743991823054
-873.3097975547363
526.8092458040618
584.9014102976333
377.3592129797115
752.7817241606361
-812.8949254770928
-1392.285680240343
-80.56798828683134
-2380.438724308574
-1959.5523975369001
74.03927570443636
495.9498946270845
-2051.6890316057434
-2468.8400804154394
-519.0152692369842
-993.2019872100069
1335.966744934275
-54.086419505648905
-408.46709451343787
-989.6331787320188
-13.325156513055049
-266.6727062207284
-1028.0626336311716
14.723358867798083
600.787193897508
-378.4905439269045
-2678.7044084549007
-2852.0803085109874
-1559.0610650127155
-2594.472490145574
-462.91776225175647
-597.6833735919137
709.3300307939679
494.617272537855
-1680.0206977756225
-1506.4275071112506
-1606.8714369293011
-156.19888120025928
-570.5961512531322
-655.583221024165
-381.264812744878
24.740736064888438
-1754.3507075328966
-511.8577587815968
-656.1351255478036
-691.0382813471065
-606.7357007751954
-1103.3120186657125
-2085.164251001527
-2341.4749840846007
44.64398308194802
-1174.10734685832
-469.6492746553614
-607.3812752323373
-205.33980559841154
-574.0405906932295
-402.50477855319525
-465.9994162145148
-93.65324368558106
-731.5201697736021
-1594.1820373829232
-376.7535491231298
-1130.371007565836
552.1273840636521
-37.80039802947101
-655.481412582077
-635.2222666224835
-770.732138915144
-1487.554184217846
-1304.11647597896
372.5233128148428
-146.45389146593436
969.5235417699331
-1021.9215638271734
-742.8957492214096
-109.38730542273936
-118.39665793522317
-126.49772168749007
696.1416088629554
-234.81155485506417
87.39633951001167
579.0161123170495
237.5519318557698
-243.97174996601302
688.5626854320905
-2298.505370927682
-218.04534902137505
-510.41008899054043
-361.1969797747398
-779.919959819845
-1339.558915913206
-89.28548738028474
-3103.2010852258218
-578.1604232016697
429.4852318835227
-1290.1991262442307
1147.630478971524
-2131.6868584208964
-1092.0323239961622
-920.572934443344
-1012.5528560571835
-1968.6060813534014
1849.8469496518856
-801.7057778812488
-261.66956179856436
-1670.7532819461985
-1123.8717223100584
380.2705730295314
-630.9813770108268
-1329.6920769259768
-124.64692442859098
836.1788027908868
-574.3195369427395
-943.293564913971
438.4477822128473
45.767696272449825
-1198.5783969457061
-123.0697847144944
-345.88941603236265
-145.13003329872765
-1548.4404925382528
-562.3970790345521
580.7531757065095
-686.5445122921532
-530.1243502534627
23.824592171736526
-987.2524309950815
-1063.3634116036806
-2751.010554972403
-1361.869077260014
496.4847083993162
-753.8278982502458
897.3403280338431
-687.3128162947679
-1259.5772625216723
-1457.784510148801
-356.46934435036394
-1415.3540457514405
-2359.820014914144
-208.29369447624015
282.433814671041
-1237.7343518519874
-250.04054799253947
-1065.344072676261
-143.75917479869997
-311.9521712899742
129.83150209559597
-200.87597674839628
-628.6115301117835
413.48432887397064
-139.02074822375573
727.9043026850355
-112.78718703148945
-825.9425548790692
-863.2258148511916
-1233.6519816508858
-66.68314780845924
-1698.1314768273432
-1250.4060229695383
-170.694264434395
-1142.9179018901987
-1297.3683081471581
-1660.1760534546847
-2515.190272547852
-1542.6030200382384
25.27336795776671
-1150.9840775787602
-1970.4230854927296
261.64877212595366
-1317.4446082204277
-950.6309595453782
430.6659264393064
-1382.014268358238
-463.08956211840643
-1117.1665411902586
-106.90609102861629
-1647.419154997494
-995.0311769934007
-1089.2655146934967
-1098.0409358743455
-686.895713826326
-1083.8270665738537
-312.13987870807216
410.17760502589897
-1059.175454949036
-1128.906351272819
-2289.52350383097
-1310.7308041849506
-1338.8110047749756
-1878.513035567763
499.68944075046136
-2726.8527828161314
-416.92102744207034
-2090.48047200173
320.14601320170584
-483.3987903938811
90.91228611445638
-343.8745763905273
-864.7818739932671
-1922.978478375002
-2024.154589520087
-1183.9728257820925
723.6712612195614
-198.4112308899313
-22.262764062093197
-2321.189104206315
-201.12330698332926
-784.1718810476951
-400.36235357026374
-1127.6202057931241
-679.2145538981976
-1258.4557411646301
-1187.5051873961938
172.52522537367156
-1112.998825159234
877.7457068549232
-680.7035415425327
-642.7940778510671
-26.201274916806256
-1828.0535744246108
369.80938850987116
-2001.690423449154
-499.0920762560146
-106.77315914685744
-287.31889401491674
2063.5189993623635
-198.71904327534207
-216.85747420073324
-1455.698292560527
202.6314580242614
-1894.743130847492
-1371.5575059615976
-1278.3328672983043
-1787.475259869932
43.55328275448926
464.9117117207451
165.02759902498735
-1409.5446008504255
-604.8960734320059
-1407.3006810235474
-819.0177272888432
-738.8377579989289
-2146.3485041247004
-1711.4852066498493
-220.68220405977638
-749.5650487938848
-1900.7516053665422
-519.2108199927844
-1235.7803741445364
-562.0787832029883
-1135.7903204873246
-15.805268445120078
-1889.7206018692782
-944.0307797592785
-768.7284379075596
-90.196090655788
-973.8466254153228
-1560.5554278582958
-2100.9250346834497
-712.8613866234274
-1017.7931702591537
-996.9047338328847
-1058.4874456856824
-958.167395035389
-1035.5728819902452
695.8808518006655
43.606054983057106
570.7828879358079
-86.80841530882265
88.9115200914083
-839.3542867661937
-1468.4822694292443
-1059.5133364591984
-432.25081606910965
-302.57605482317297
-1856.0902379872637
240.17320645386678
-344.53052802093964
581.8068286724196
-470.38968188538286
343.2263470349086
-92.57787168713469
-863.9674201035947
-255.85067219259201
-472.27054592118213
-994.5496302201037
87.09673896555239
-1484.9529734274238
-988.0783622357559
-765.8786811056124
-1866.6662839660657
-1071.6155043387334
348.587162769821
-400.9164557884825
-306.3299245225595
434.44115464175945
183.62200423069032
-305.3343048434564
-733.6014970329412
-532.1077557353511
-437.64058920923605
-1383.641250433524
86.56380925214592
-1877.5808897046081
-380.9652814163694
-1468.6938803255134
359.4619433726847
-1071.8676715141933
425.9185176971047
518.9298572158431
-2390.4991222213457
-725.8328950937185
-1561.2706126369148
-1729.6344470998479
-373.81424943316154
445.10119747234455
-1045.0608710512397
-974.0186904738654
-219.43349494543264
-1035.925893676087
-1302.6039936169132
-805.8873176992207
-1436.0985368846978
-487.7989170421034
-617.2360116228002
-1196.7993872119541
-1752.5122273572315
-1310.7539567568765
202.72599759374805
-1944.7750182317914
-1104.406906474861
-154.23751943241678
-2204.385899418129
-810.9558330733008
-481.1146286940053
-400.56024956708836
-405.5002864180361
-1309.664030906415
-1005.6030367892032
-704.5778219313498
-1952.2936319096707
-1374.5103927148257
-1398.7649229547774
-122.48235827028122
-1771.8328470858737
598.8118020637229
-696.5088763271232
-722.9497544516463
-200.98837831884384
-920.9063523578635
-870.3154334537613
-199.76599349502305
-1275.9930778144571
-814.6471274084598
-2607.6741457354174
-1454.606792767111
-708.9771510723687
-946.221303128466
1.6133507010242738
-62.227505904765735
-1101.0343557397528
-231.3536669655483
-7.394371557818658
-1351.7239584296458
-1392.1195020002506
-1146.7288839954354
599.1719822316398
-1497.9617108016082
-458.08860274372194
-607.2645811438994
57.84163681248799
-723.6625182322992
-918.1619397693304
-407.88389628123025
-868.5155734169718
-2726.443081673485
-1024.987742827126
-969.5952809858865
680.8108547817282
-1656.5334612086488
-1754.7698978901444
-217.789471344042
-1033.3080494052701
-1050.8857323823709
-325.4060622571616
-714.5504542618736
-883.9685638605112
559.5369534849254
-925.1501490121174
-753.3015418416054
-2877.821943149167
-1916.7504908662254
-418.2058638077557
516.5971253232655
-524.0966033358019
-873.507079439387
760.5446264824121
-430.15351773237614
-891.0260205817423
-1809.2183246992781
-380.3008876495161
-1162.0163497333965
-1111.781327794145
-266.4517969373784
-378.9474957095873
-1133.9810181489943
-789.9202086064498
-939.1135155619556
-618.6342211358216
-1563.7648492247367
145.5100919912037
-1917.8725494624332
-1645.4830356626044
-55.63335201597795
-1378.8121580853367
110.07663342849003
-792.0563761269024
-1142.0227222009917
-253.62139039284114
94.8318393925473
-678.1376893547432
-717.6193774926843
-482.45834931171987
-545.9842388430774
5.333906868379131
-1579.3579125663703
-1087.324344679234
624.2072829989178
-949.1312171491501
-831.5743000912308
-940.5817843226502
-266.4677708516293
-802.3935409319334
-479.7375385960232
-932.7413479507958
-1281.3882589448958
-3211.8821526754155
-701.7946023507267
-1378.5012217308958
-858.4762288841904
-868.3430468540247
-639.3472251795955
-1004.9267771015792
377.25936769904354
-147.15858817164292
-658.3393809962228
-1376.5606692432875
-101.32539944565667
-2302.715638474031
-1089.5341245181949
-1314.7203577661348
-1440.1471897274178
-769.2307970671785
453.94392758812853
-1267.6187342841486
-1301.2517397338052
-346.1141377800951
259.25492189357453
-1847.9427328267893
-1148.2595851846863
-552.8454462413403
-1641.0726990176536
-229.89511045589904
-1685.1652574488571
-2229.1495227178166
-754.3108358500873
-1236.5044599031344
76.68502027176999
-758.3660756964047
-2456.829335141009
-1303.3665386934063
-1036.3565691143976
-1227.6370450265563
3.1661377527608465
-553.9969792032991
-246.65350529597492
477.3486438471235
-478.1829388803036
135.50474857800043
189.4296272673064
-729.6923765353032
-256.55877835387685
-192.34865859139893
300.6962739164609
-582.6490193835609
-2131.3576306971163
-1134.6000350190388
-378.84123633451
-665.9954225424054
-1246.8650993390374
266.71264279694094
-626.2011066879996
-1759.305172164114
-1009.184801931147
-475.1851273151839
270.60597277341446
528.9830996517502
-1656.6720444712191
-985.8502065133008
137.63825040179086
-233.33831785052064
-2105.5036149618845
-2061.671175129006
-252.75049813642556
-1104.395278911481
654.8966070587265
-597.8461634527049
-1995.8009591161936
-1708.1716263228268
-362.2538907024411
-1499.5206945195987
-16.174042516605027
-243.87766937737172
9.647570993182285
-1399.3031380854763
-255.48366681523726
-1031.8453211189399
-774.3614750111957
-279.5082096008747
-928.8803760542697
-672.8354290274648
-1114.998632111612
-1112.325671211459
-2358.3786938262633
-1832.862271910425
-154.97301964107203
-783.2236693618862
-1791.2152290896638
-388.62980535012696
-2347.6134436279563
522.190576085687
-1094.4930014431093
-1232.5579272426887
-615.615058064244
-439.52607761809975
-856.4831766722892
-1115.3514587575091
45.96514586545425
1093.5455049629145
-1347.492390845011
266.4330273806762
-403.69845496357175
-1183.6287422098876
-1468.6896939804337
-1706.3618233878396
-2047.624423774604
-1180.3529059053208
-1177.8734675169762
-695.8737416094816
-363.1373761218821
-1651.1368162158024
-437.43877664417244
700.58918392046
-200.24599657279498
-1096.480540815919
-568.6903760881288
-781.1211645728605
-502.29826276791675
-197.39239988190104
-813.1333849495005
-1420.7529847078995
51.11611887157949
-451.87403388531595
-480.3529276331411
-1761.0027734872438
-541.4793012536821
-1138.9359585307393
784.649334113349
190.60498848799068
-212.61144786819307
-1404.1957220186387
-460.9279909731623
-217.53708506053738
-486.263569453483
677.5957790996255
-1261.9539809096914
434.6769223147729
-376.21478339525345
483.7430096734205
-894.7319194359635
-978.2478990825194
-788.3733228941106
-1521.9904492745559
-2026.0986862072205
1030.2698746559372
-2035.949031845928
788.6240865019089
924.2698151491071
-1266.4416725005556
-1750.2936832482192
-553.2589004324232
-435.26469825814013
-389.9246630755516
186.699827810692
-315.1767041657871
-224.75101381760885
-671.3342217616465
-660.8121046371763
-2135.406765780559
-1217.0603306499406
48.80474880102781
-514.2952823458978
-625.5907214373514
-325.6219374435801
-957.8512412112592
412.38208683858363
463.5177879454751
-2175.5377249094067
-520.9639636368057
-1401.434093780149
-1178.882135472637
-955.5183062376005
584.8601341948851
-58.6734722830289
-94.41533624531962
-2011.7635267583219
-686.356788950424
-1638.5730868612363
-357.7618346402811
326.9742535212066
-837.1404328644777
-1283.8485843719309
-1552.2541234348732
-140.741804909797
1.6905798591233179
-1546.0978503790357
-517.6470647813265
401.5869167564359
-498.80747283530866
-687.3888869996218
-1025.5338816296053
-2090.2759803728286
-669.3947990328635
-465.57177214286423
-902.2000629486162
-873.3612731475176
-2134.8100290492885
-204.28930189084156
-1375.2496993642744
-794.8979786561059
-892.2489546929729
-291.40603950946854
-964.3579330438176
866.408843315984
-14.038438410754338
-1366.3757772093622
-320.88119032777615
-622.0876246133937
3.8632999997688557
-704.2688365186224
-71.85668437889683
73.02331664650126
518.035986208732
-2161.8140010171437
-2201.5715251848187
-693.6050130319301
-333.47997728912844
-1326.4593395573647
-768.1361227104646
-769.0963984677866
334.7692044748077
-782.1941753716839
-851.2438599257222
204.5928483062379
750.9856176647846
-793.3271853842925
-180.3132774587076
82.75310422372274
-419.08560152230245
-2253.5138154306687
-1361.9914112067318
-899.2509972854742
-447.44032296037574
-81.14172887138568
-806.2626872843167
-476.98694836435845
-1635.786878149558
-1109.6446161583326
-33.97420628244561
-662.3449540034054
-1364.5177970633572
-312.56377209965933
-830.8407923633334
-318.3847147596508
165.88755141643458
-702.6637161852674
-241.1088775959471
-756.969973679131
25.910024616794885
-1401.4910555495144
-903.223368938886
-1515.522241127203
-978.8726191726365
-575.2816216528284
-1464.5916650659028
0.2659951815084014
517.244676264292
-2736.439323153837
-942.792445401
-61.03999982310745
-603.9843242431081
-2056.924669312626
-1934.1574391651593
127.35055389546267
-1027.057037003383
-1015.4099003133989
-623.0433298239437
-1064.7213344308161
-884.7679083091481
-104.50074841669198
1361.3465053807586
125.75682478243459
-116.69884440865019
-579.4905185068588
-1238.6696556737143
-421.97488191322964
-1106.3833743845903
-1756.2793744636865
-853.4083411173407
-633.9438485410484
-719.8421397274016
-1199.7825209156517
-927.0031190652918
-103.941210322556
1019.9034609062645
-481.50141972345057
-568.3651735007044
216.67039095641564
-706.2920725597097
-105.18616606204921
-1941.591133557326
-299.5101661672235
-264.13595022523907
-170.92392483015203
-2554.4673325271656
-1049.4691665237838
-2394.8928933074994
-1800.4446376516848
-350.4101703598651
-1148.90515573426
-1067.8093636348322
-629.0805233254051
-822.1218354782483
-668.9648728108906
-1229.055856552818
-335.2279449880815
-1078.1620541604102
-993.8359258262363
-1177.9309613883515
-1324.1287321488549
-643.2712837524815
-1332.674240127567
-1312.4342754906293
42.83245588458806
-228.71145400995908
-2789.9479357787923
-1070.4555955994188
-139.7849001479491
-637.9556662361874
-1976.0153485785909
-1054.163614973139
-68.06257726683486
-1227.7253558472116
-620.1066799458073
-921.3941884322295
-472.13885512839727
-656.3121363023098
-1394.9503048445863
-622.0279092480538
-1850.4074783133083
-1675.770555238888
-1421.0179681614327
-61.6379165404943
-915.9096218251378
-909.1990102279134
178.5979420845805
-1696.3047320238766
257.3126521953526
-1157.1046949059037
-1009.3106955898777
-271.2156276724678
112.51727900709636
2119.125873799216
-406.5985568279631
-219.8505918963881
-1656.4422588100683
-1418.210050372436
-867.8847745171216
-265.58225246899076
-1271.174368917445
-1447.6403376587728
313.88724568846635
-112.01490607248445
-1260.0251622942226
-353.74875046605223
-1258.015390332751
-969.0793599113837
-1159.7860114230807
-2201.3403793299376
-225.42381873418992
790.048676297083
-1662.002331110682
-1134.8441481659358
-606.1631986559097
39.92712640448997
-1300.710349747288
-1575.0421160436167
-2044.328196545387
-25.60730571889667
-1394.7591559401112
298.2773988890182
-925.7544172387699
-1009.2153959057874
-524.4213887882125
-151.57556183968472
-1569.0430260776689
-1840.9756854166399
-1081.1891324482253
-1778.8603588392452
-628.9947537885229
-33.99117440276609
-411.4512906285555
-116.89412482850742
28.447717088218496
549.6870850420645
745.6994713812281
76.29856650498584
-548.8066469682173
-1861.2924128439126
-1863.4932036985128
148.29877656206838
-1166.823140158528
-1905.5907192732016
63.35153408548729
-2206.263523255336
1098.6246612890582
-919.792227882038
-1590.7896979366342
-673.7844841529856
599.4427790204398
-947.7139510963563
-979.6403613301874
-1073.912915086913
-656.590110793769
-618.1453004730926
-1297.42030207891
-1578.786077998555
-814.7134883218033
-2664.7039689805424
-335.4127847826204
-923.6288234472469
-820.7284422841145
-298.93741469270014
-344.0914695375128
124.66233212521286
-502.7605434421231
17.19470911180167
-1764.2148689010974
306.3430368301141
-482.93395459667465
-1319.0854236169043
-1946.1366963286841
-133.629318416513
-514.8093949149862
83.18308645434979
-883.7939303853738
-1214.737518818475
69.23252883490466
-815.0938127926312
27.14663083261337
-672.0019904643742
-836.4914150343894
714.628015699859
-893.8385936327769
-415.0947825629937
-20.188024783355218
-883.5492392555955
-2134.576928847019
-537.8829807840158
-770.1337539139532
-1271.9716606188058
-1214.4260105607423
-1279.0677088214647
-5.294011674219405
-1479.615683424311
654.4470315287834
-1654.7031555904068
-1155.7264792486849
-2053.9313270893517
-2229.1671911654716
-381.6014870578002
208.59802089396533
-2853.2250734219947
-1391.093880497102
-1431.6992131707143
-255.85326002079967
-2010.4263306479188
-172.13885432820587
737.2176501764596
-1177.6857076901224
-278.68817657225475
-982.7375102457321
-1342.7067842777096
94.0068827554112
-824.1831961903418
-1267.7935676689904
-1898.1617296103504
-974.9133866491649
